,class,beta1,cn_ratio_log2,truth_log2FC_aware,truth_log2FC_naive,empirical_log2FC_naive,empirical_log2FC_aware,DE_truth
DNAJB14,NEUTRAL,0.025760239192505332,0.13750352374993502,0.03716416933514096,0.174667693085076,-0.011004962840003065,-0.011004962840003227,False
GAL3ST3,DIG,-1.2528113257458098,0.45943161863729726,-1.8074246868230075,-1.3479930681857102,-1.5182965601579657,-1.8555938189981285,True
KCTD3,DCG,-0.8516512201657215,1.1043366598147357,-1.2286729919001211,-0.12433633208538541,-0.30980940937054896,-1.2768421240752656,True
SFRP2,NEUTRAL,-0.032689704437725106,0.13750352374993502,-0.04716127448043195,0.09034224926950307,-0.09533040665557706,-0.09533040665557724,False
WDR1,NEUTRAL,0.04768141640203843,0.13750352374993502,0.06878974298578253,0.20629326673571755,0.02062061081063843,0.02062061081063843,False
UPK2,NEUTRAL,0.03541475437752923,0.13750352374993502,0.05109269051476213,0.18859621426469714,0.0029235583396166453,0.0029235583396166453,False
DLEU2L,NEUTRAL,-9.62823588664846e-05,0.13750352374993502,-0.00013890608166176885,0.13736461766827324,-0.04830803825680618,-0.04830803825680601,False
TFAP4,DCG,-0.8671327499170478,1.3001237245690138,-1.2510081180977346,0.049115606471279216,-0.12774311457538687,-1.2991772502728791,True
RPS4XP14,DSG,0.007592643697120165,1.185866545311334,0.010953869409072108,1.196820414720406,1.0043940281101746,-0.037215262766074515,False
NLE1,NEUTRAL,0.0121172649697446,0.13750352374993502,0.01748151808098809,0.1549850418309231,-0.030687614094157364,-0.030687614094158017,False
C9orf153,NEUTRAL,0.042726252146976604,0.13750352374993502,0.06164095208821457,0.1991444758381496,0.013471819913069135,0.013471819913068818,False
CFAP65,NEUTRAL,-0.003061279066262308,0.13750352374993502,-0.004416492127673828,0.13308703162226118,-0.05258562430281862,-0.052585624302818955,False
WDPCP,DIG,0.7379491237437802,0.45943161863729726,1.0646355412535078,1.524067159890805,1.3501081513191526,1.0164664090783615,True
SLFN14,NEUTRAL,-0.057444534902717094,0.13750352374993502,-0.08287494563032292,0.054628578119612095,-0.13104407780546787,-0.13104407780546737,False
BCAR3,NEUTRAL,-0.018168624633612455,0.13750352374993502,-0.02621178465868575,0.11129173909124927,-0.07438091683382958,-0.07438091683382941,False
LRRC2-AS1,NEUTRAL,-0.02852077937887235,0.13750352374993502,-0.04114678697218735,0.09635673677774767,-0.08931591914733125,-0.08931591914733109,False
NUP210P3,DIG,-1.617782001163699,0.53605290024021,-2.333966070318292,-1.7979131700780817,-1.988618261447411,-2.3821352024934335,True
REEP5,NEUTRAL,-0.01830961871830567,0.13750352374993502,-0.026415196125467333,0.11108832762446769,-0.07458432830061203,-0.07458432830061186,False
VCAM1,NEUTRAL,-0.031532037493128856,0.13750352374993502,-0.04549111412046186,0.09201240962947316,-0.09366024629560678,-0.09366024629560661,False
RELL2,NEUTRAL,-0.0052466169309990825,0.13750352374993502,-0.007569268227796449,0.12993425552213858,-0.055738400402940265,-0.0557384004029401,False
BTG2,DCG,0.751450878124832,-0.7369655941662062,1.084114455342352,0.34714886117614585,0.16147620525106443,1.0359453231672058,True
GRID1,NEUTRAL,-0.03727140547797634,0.13750352374993502,-0.053771271850038216,0.0837322518998968,-0.10194040402518391,-0.10194040402518408,False
SELP,DCG,-0.8470708971828645,1.20945336562895,-1.2220649826470837,-0.012611617018133847,-0.20580833935340662,-1.2702341148222305,True
IQUB,DIG,-0.7329453060989685,0.405992359675837,-1.0574165583518251,-0.6514241986759881,-0.8310230927174611,-1.105585690526971,True
SLC2A1,NEUTRAL,-0.024022272836170738,0.13750352374993502,-0.03465681389162518,0.10284670985830985,-0.08282594606676912,-0.08282594606676912,False
CAPNS2,NEUTRAL,-0.039373216389862555,0.13750352374993502,-0.056803544029502766,0.08069997972043225,-0.1049726762046479,-0.1049726762046479,False
C6orf118,NEUTRAL,0.0029519222697532324,0.13750352374993502,0.004258723619662681,0.1417622473695977,-0.04391040855548168,-0.04391040855548201,False
ZFYVE16,NEUTRAL,0.012966094999262993,0.13750352374993502,0.018706120955131907,0.15620964470506693,-0.02946301122001415,-0.029463011220013987,False
SH3BGRL3,NEUTRAL,-0.010952340037388857,0.13750352374993502,-0.01580088665807055,0.12170263709186446,-0.06397001883321399,-0.06397001883321432,False
PRKCA,DCG,0.8931780303128092,-0.7369655941662062,1.288583514963262,0.5516179207970558,0.36594526487197504,1.2404143827881164,True
NBL1,NEUTRAL,0.02426335466218448,0.13750352374993502,0.035004621446463664,0.17250814519639868,-0.013164510728679666,-0.013164510728679666,False
LINC02551,NEUTRAL,0.015548658822701683,0.13750352374993502,0.022431972975986147,0.15993549672592117,-0.025737159199158262,-0.025737159199157936,False
EDC3,NEUTRAL,0.007662810989156223,0.13750352374993502,0.011055099413325135,0.14855862316326016,-0.03711403276181893,-0.03711403276181893,False
XPNPEP3,NEUTRAL,-0.025049052255463024,0.13750352374993502,-0.03613814346792501,0.10136538028201,-0.08430727564307038,-0.08430727564307038,False
CTSO,NEUTRAL,0.020132582949486933,0.13750352374993502,0.0290451775815105,0.16654870133144553,-0.019123954593635542,-0.01912395459363538,False
ADPRS,NEUTRAL,-0.016691972573210208,0.13750352374993502,-0.024081426054024958,0.11342209769591007,-0.07225055822917104,-0.07225055822917086,False
IARS2,DCG,-0.8203323676076648,1.0874628412503395,-1.1834894386282802,-0.09602659737794061,-0.2796337505926183,-1.2316585708034242,True
HROB,NEUTRAL,-0.044501616358496594,0.13750352374993502,-0.06420226123194621,0.07330126251798881,-0.11237139340709135,-0.11237139340709222,False
TNNC2,DCG,-1.033435153189764,1.4059923596758368,-1.490931770587199,-0.08493941091136215,-0.2573710619202925,-1.5391009027623446,True
HOXA-AS3,DSG,-0.1518483787488617,1.3434078222978139,-0.21907090298801185,1.124336919309802,0.9397222915897054,-0.2672400351631561,False
DCAKD,NEUTRAL,-0.03686740751515166,0.13750352374993502,-0.0531884259925418,0.08431509775739321,-0.10135755816768653,-0.10135755816768618,False
LINC01165,NEUTRAL,0.013432607746625136,0.13750352374993502,0.019379156582262757,0.15688268033219777,-0.02878997559288188,-0.028789975592881555,False
FAM47E,DIG,-1.0944105661691055,0.49825086752782544,-1.5789006965086512,-1.0806498289808257,-1.2615523738117131,-1.6270698286837977,True
NOS2,DIG,-1.2234452733962353,0.45943161863729726,-1.7650584287277908,-1.3056268100904935,-1.4751134599645044,-1.8132275609029365,True
PCDHA9,NEUTRAL,0.002128756981235106,0.13750352374993502,0.0030711471400856477,0.14057467089002068,-0.04509798503505815,-0.04509798503505782,False
EDN1,DIG,1.6659477520737485,0.632268215499513,2.4034545602969133,3.035722775796426,2.851464896706193,2.3552854281217663,True
RGCC,NEUTRAL,0.014512913104036759,0.13750352374993502,0.020937707764046284,0.15844123151398132,-0.02723142441109877,-0.02723142441109877,False
CLEC7A,DIG,1.010947083070083,0.4724877714627438,1.4584883433463718,1.9309761148091156,1.7526185000683216,1.4103192111712275,True
KLHDC1,NEUTRAL,-0.02996579233712503,0.13750352374993502,-0.04323150000107878,0.09427202374885624,-0.09140063217622324,-0.09140063217622324,False
KRT5,DIG,-0.9027866352041991,0.4854268271702419,-1.3024458015899318,-0.81701897441969,-1.0095675933676171,-1.3506149337650784,True
RAPGEF3,DIG,0.9960821339343415,0.4854268271702419,1.4370427549451708,1.9224695821154127,1.730882972517731,1.3888736227700258,True
CADM1,NEUTRAL,0.02205523143378326,0.13750352374993502,0.03181897301517749,0.16932249676511252,-0.01635015915996602,-0.01635015915996602,False
ARHGAP29,NEUTRAL,-0.029167567008989693,0.13750352374993502,-0.04207990427866597,0.09542361947126905,-0.0902490364538112,-0.0902490364538112,False
PGBD4,NEUTRAL,0.031570645509423734,0.13750352374993502,0.04554681371410904,0.18305033746404406,-0.0026223184610353703,-0.00262231846103521,False
LINC00570,DIG,1.5404227624598976,0.4462562298895641,2.222360280273372,2.6686165101629364,2.49102013806829,2.174191148098223,True
LCN12,NEUTRAL,0.008205358980039157,0.13750352374993502,0.011837830709216214,0.14934135445915123,-0.03633130146592913,-0.03633130146592913,False
RAB12,NEUTRAL,0.02601502457252438,0.13750352374993502,0.03753174693938545,0.17503527068932045,-0.010637385235759094,-0.010637385235759255,False
CNOT9,NEUTRAL,0.04096608209112654,0.13750352374993502,0.05910156347751843,0.19660508722745346,0.010932431302372437,0.010932431302372437,False
CCL20,NEUTRAL,-0.016021487056978152,0.13750352374993502,-0.023114119924769094,0.11438940382516592,-0.07128325209991362,-0.07128325209991379,False
ABCA3,DCG,-0.9389248449878659,1.2479275134435854,-1.3545822176314328,-0.1066547041878474,-0.2953077533606424,-1.4027513498065791,True
SUN3,DIG,1.0237340680505154,0.523561956057013,1.4769360631655633,2.0004980192225763,1.82828853634943,1.4287669309904178,True
MS4A6E,DIG,0.9414427964089042,0.4462562298895641,1.358214853659764,1.804471083549328,1.6162330500568143,1.3100457214846195,True
APOL5,NEUTRAL,-0.02301974045017719,0.13750352374993502,-0.03321046539002171,0.10429305835991332,-0.08137959756516658,-0.0813795975651664,False
SDR16C5,DCG,-0.9026437694537026,1.2403143293337107,-1.3022396898801776,-0.06192536054646691,-0.2488812439280674,-1.350408822055322,True
IST1,NEUTRAL,-0.004041154100390575,0.13750352374993502,-0.005830152980101583,0.13167337076983343,-0.05399928515524578,-0.053999285155245616,False
DUTP1,DIG,1.3012627354282291,0.4462562298895641,1.8773252952959134,2.3235815251854777,2.141748537449286,1.8291561631207645,True
PITPNM2,NEUTRAL,0.014154316086605235,0.13750352374993502,0.020420361625320252,0.15792388537525526,-0.0277487705498245,-0.027748770549824338,False
ATP6V0A1,NEUTRAL,0.040073607031275736,0.13750352374993502,0.057813994134554604,0.19531751788448962,0.009644861959410422,0.009644861959410741,False
DGKH,NEUTRAL,0.003961409510008136,0.13750352374993502,0.005715105855019117,0.14321862960495413,-0.04245402632012534,-0.042454026320125175,False
DIAPH1,NEUTRAL,0.018586546221157508,0.13750352374993502,0.02681471806051744,0.16431824181045246,-0.021354414114626706,-0.021354414114626706,False
UMODL1-AS1,DIG,-0.993724153193752,0.49825086752782544,-1.4336409078242105,-0.9353900402963851,-1.1167685668410277,-1.4818100399993541,True
SUGP2,DIG,0.6040606334799005,0.49825086752782544,0.8714752803176982,1.3697261478455236,1.1708012162453036,0.8233061481425519,True
GRID2IP,DIG,-1.1307128803661943,0.5849625007211562,-1.6312738651735845,-1.0463113644524284,-1.2224483703299822,-1.6794429973487295,True
HRH3,DCG,-0.742586972602488,1.0789513413948222,-1.071326542802358,0.0076247985924642325,-0.17322838381729624,-1.1194956749774998,True
GLCCI1-DT,DIG,1.0023734374728122,0.4854268271702419,1.4461191873608494,1.9315460145310914,1.7625661935083,1.3979500551857027,True
UBA52,DIG,-0.9711407050047324,0.5849625007211562,-1.4010598791157391,-0.816097378394583,-0.9916438805552941,-1.449229011290885,True
ZNF416,DIG,0.809514473212201,0.523561956057013,1.1678825160310842,1.6914444720880972,1.498828571830136,1.1197133838559363,True
CNOT11,NEUTRAL,-0.04730256756378429,0.13750352374993502,-0.06824317964558672,0.0692603441043483,-0.11641231182073207,-0.11641231182073207,False
UGGT1,NEUTRAL,-0.007179728858025388,0.13750352374993502,-0.010358159218400609,0.1271453645315344,-0.05852729139354529,-0.058527291393545455,False
VWA8-AS1,NEUTRAL,-0.019784022816499804,0.13750352374993502,-0.02854231160619837,0.10896121214373665,-0.07671144378134283,-0.07671144378134231,False
PMPCA,NEUTRAL,-0.023612815662986352,0.13750352374993502,-0.03406609205841565,0.10343743169151937,-0.08223522423356008,-0.08223522423355957,False
GDF1,DIG,1.320210832390189,0.5484366246960424,1.9046616208172162,2.4530982455132584,2.2587961130532297,1.8564924886420684,True
LINC01121,DIG,1.216259500839051,0.45943161863729726,1.754691550294585,2.214123168931882,2.028200938648636,1.70652241811944,True
LINC02198,NEUTRAL,-0.02702508436139075,0.13750352374993502,-0.038988955187784315,0.09851456856215071,-0.0871580873629293,-0.08715808736292965,False
DHX16,DIG,-1.282207903015847,0.560714954474479,-1.8498349830695997,-1.2891200285951205,-1.4668182579523725,-1.8980041152447449,True
TMEM238,DIG,1.618097020736558,0.523561956057013,2.3344205474938384,2.8579825035508515,2.662383076397329,2.286251415318692,True
FRZB,NEUTRAL,0.03516375647021788,0.13750352374993502,0.05073057707861054,0.18823410082854555,0.0025614449034668924,0.0025614449034668924,False
SIX5,DIG,1.6829982209608838,0.49825086752782544,2.428053187205215,2.9263040547330403,2.7326390562285803,2.379884055030067,True
SALRNA2,NEUTRAL,0.032771359880362054,0.13750352374993502,0.04727907838258587,0.1847826021325209,-0.0008900537925587449,-0.0008900537925585846,False
SLC12A5,DCG,-0.9627354124636349,1.3785116232537298,-1.388933605249477,-0.010421981995747176,-0.19880337780253948,-1.4371027374246228,True
MITF,NEUTRAL,-0.03194183044549881,0.13750352374993502,-0.04608232038063724,0.09142120336929778,-0.09425145255578198,-0.09425145255578231,False
HSPA5P1,NEUTRAL,0.06806542054427617,0.13750352374993502,0.098197644675249,0.23570116842518402,0.050028512500103275,0.05002851250010359,False
CTRC,NEUTRAL,-0.025757187602085112,0.13750352374993502,-0.03715976682077488,0.10034375692916014,-0.08532889899592003,-0.08532889899592037,False
ZNF540,DSG,0.07676493492070134,1.3219280948873624,0.11074839092425984,1.4326764858116223,1.2534740300841973,0.06257925874911453,False
UPF2,DSG,0.05981855470973931,1.371558862611963,0.08629993223288605,1.4578587948448491,1.2691640839848566,0.0381308000577406,False
RNU6-33P,NEUTRAL,-0.009686978256236383,0.13750352374993502,-0.013975355491471449,0.12352816825846358,-0.06214448766661596,-0.062144487666615796,False
SPTBN5,NEUTRAL,-0.0030293047539050435,0.13750352374993502,-0.004370362945800168,0.13313316080413484,-0.05253949512094553,-0.0525394951209452,False
CRYBG2,NEUTRAL,0.0460689013649866,0.13750352374993502,0.06646337553846897,0.203966899288404,0.018294243363323612,0.018294243363323928,False
KRT24,DIG,1.4689358732531632,0.3923174227787603,2.1192264997262376,2.511543922504998,2.3253525763871377,2.0710573675510897,True
SLC4A1AP,DIG,-0.6138072228411384,0.3923174227787603,-0.8855366364547372,-0.49321921367597693,-0.6799148416089164,-0.9337057686298836,True
GOLM2,NEUTRAL,0.0070955108982045465,0.13750352374993502,0.010236658385413294,0.1477401821353483,-0.037932473789730387,-0.03793247378973055,False
FAM53A,NEUTRAL,-0.025449711208125687,0.13750352374993502,-0.0367161721520192,0.10078735159791583,-0.0848853043271637,-0.08488530432716351,False
DSG1,NEUTRAL,0.021234849627305458,0.13750352374993502,0.03063541225133644,0.16813893600127144,-0.01753371992380865,-0.017533719923808814,False
UACA,NEUTRAL,-0.04333980428519069,0.13750352374993502,-0.06252612071534286,0.07497740303459216,-0.11069525289048829,-0.11069525289048829,False
UGT1A6,NEUTRAL,-0.02531246307341486,0.13750352374993502,-0.03651816494870063,0.10098535880123438,-0.08468729712384677,-0.08468729712384661,False
HNRNPA1P9,DIG,0.6171333717396436,0.523561956057013,0.890335254975869,1.4138972110328818,1.2271264422752204,0.8421661228007228,True
ZFPM1,NEUTRAL,-0.09643825037091792,0.13750352374993502,-0.13913098556213152,-0.0016274618121965012,-0.187300117737276,-0.18730011773727584,False
SNORD99,NEUTRAL,-0.013915408691322975,0.13750352374993502,-0.020075691110914836,0.11742783263902018,-0.06824482328606049,-0.06824482328606031,False
ILK,NEUTRAL,0.009319036299883092,0.13750352374993502,0.013444527455705572,0.1509480512056406,-0.03472460471943807,-0.03472460471943823,False
CAVIN2,NEUTRAL,0.07621222070661161,0.13750352374993502,0.10995099286856375,0.24745451661849877,0.061781860693419476,0.06178186069341917,False
MCAM,NEUTRAL,-0.0060304863701998125,0.13750352374993502,-0.008700152780435755,0.12880337096949926,-0.05686928495558126,-0.05686928495558109,False
EPHB2,NEUTRAL,0.04908370421415395,0.13750352374993502,0.07081281665822062,0.20831634040815564,0.022643684483074765,0.022643684483074453,False
GPS2,NEUTRAL,0.056700610808537076,0.13750352374993502,0.0818016900288516,0.21930521377878662,0.03363255785370731,0.03363255785370668,False
COL1A1,DSG,0.05192641351569281,1.4059923596758368,0.07491397927023967,1.4809063389460764,1.2890674583615453,0.02674484709509656,False
TMCC1,DIG,-1.1806073660342253,0.5109619192773794,-1.7032563922145583,-1.1922944729371787,-1.3754822923441183,-1.7514255243897041,True
EFNA1,DCG,-0.9402283228927181,1.3785116232537298,-1.3564627387406714,0.02204888451305842,-0.16519402562769953,-1.4046318709158168,True
LINC02321,NEUTRAL,0.010224573956908971,0.13750352374993502,0.01475094214283502,0.15225446589277003,-0.03341819003231047,-0.033418190032309975,False
INSIG1,DIG,1.3125956568630217,0.4462562298895641,1.893675244848673,2.339931474738237,2.155674658896056,1.8455061126735282,True
GFRAL,DIG,0.6190239132750429,0.632268215499513,0.8930627298735843,1.5253309453730972,1.3332388025381197,0.844893597698438,True
MIS18BP1,NEUTRAL,0.0813311173894721,0.13750352374993502,0.11733599972774954,0.25483952347768457,0.06916686755260609,0.06916686755260609,False
NDRG2,NEUTRAL,-0.05045733651676028,0.13750352374993502,-0.07279454916919566,0.06470897458073936,-0.12096368134434128,-0.1209636813443411,False
IL17RB,NEUTRAL,-0.010577868961226033,0.13750352374993502,-0.01526063909353409,0.12224288465640093,-0.06342977126867898,-0.06342977126867914,False
JCHAIN,DIG,-0.8244522176271618,0.45943161863729726,-1.1894331258206148,-0.7300015071833175,-0.9041941485852976,-1.2376022579957597,True
PKHD1L1,DCG,-0.7164090853334332,1.3001237245690138,-1.0335598346583423,0.2665638899106715,0.08183624882933933,-1.0817289668334877,True
IGSF9,DCG,-0.7953980090535354,1.1127001327493624,-1.1475167631944905,-0.03481663044512806,-0.20939173666489025,-1.1956858953696357,True
BAHD1,NEUTRAL,-0.0005598818190939314,0.13750352374993502,-0.0008077387238907065,0.13669578502604432,-0.048976870899034665,-0.04897687089903483,False
POLR2A,NEUTRAL,0.08012301499473694,0.13750352374993502,0.11559307639397903,0.25309660014391405,0.06742394421883348,0.06742394421883348,False
PCYOX1,DIG,1.3038499582744956,0.4854268271702419,1.8810578688658968,2.3664846960361388,2.19573878704677,1.8328887366907507,True
KCNA7,DIG,-0.7350835936906794,0.53605290024021,-1.060501455256381,-0.5244485550161709,-0.7184471366865719,-1.1086705874315212,True
ESRP1,DCG,-0.734120113540019,1.1699250014423124,-1.0591114472210283,0.11081355422128403,-0.0862439137812051,-1.107280579396174,True
MCF2L,NEUTRAL,-0.1168225693880328,0.13750352374993502,-0.16853934152002176,-0.031035817770086738,-0.21670847369516638,-0.21670847369516638,False
RAB20,NEUTRAL,-0.023032947778732233,0.13750352374993502,-0.03322951953743146,0.10427400421250356,-0.08139865171257692,-0.08139865171257658,False
SP1,DIG,0.9090860213881253,0.4724877714627438,1.3115338947981265,1.7840216662608703,1.5888805136233946,1.2633647626229805,True
LETMD1,DIG,-1.494063546545123,0.4854268271702419,-2.155478069373626,-1.670051242203384,-1.8674976210316492,-2.2036472015487716,True
ITIH2,DSG,-0.036698218947336256,1.4528589647138113,-0.05294433848477941,1.3999146262290318,1.2155144106018285,-0.10111347065992417,False
RPS3AP5,NEUTRAL,0.026027567728086176,0.13750352374993502,0.03754984288771155,0.17505336663764656,-0.010619289287434074,-0.010619289287433751,False
ZNF662,NEUTRAL,-0.04135396530637372,0.13750352374993502,-0.059661160668599604,0.07784236308133541,-0.10783029284374532,-0.10783029284374532,False
TSC2,DCG,-0.9392825005908366,1.2016338611696507,-1.3550982055961849,-0.15346434442653423,-0.33709233471661143,-1.403267337771331,True
RPL5P5,DCG,-1.0152309557806216,1.2016338611696507,-1.4646686652616654,-0.26303480409201474,-0.44774857501656434,-1.5128377974368108,True
ATP6V1H,DCG,-1.0074942710903085,1.446256229889564,-1.4535069886260292,-0.00725075873646519,-0.19328746037716185,-1.501676120801175,True
MFSD9,NEUTRAL,-0.04257241036588557,0.13750352374993502,-0.061419005313553016,0.076084518436382,-0.10958813748869722,-0.10958813748869739,False
AGK,DIG,-1.2358321294850496,0.5728896684205812,-1.7829288845793283,-1.210039216158747,-1.3998643368139343,-1.831098016754476,True
AGAP1,NEUTRAL,0.030721160201086433,0.13750352374993502,0.04432126547246279,0.1818247892223978,-0.0038478667026829736,-0.003847866702682652,False
MACORIS,DIG,-1.1524695743637359,0.608809242675524,-1.6626621397099763,-1.0538528970344523,-1.244080976963945,-1.7108312718851169,True
KATNB1,NEUTRAL,-0.0016305988137009547,0.13750352374993502,-0.002352456822205794,0.1351510669277292,-0.05052158899735126,-0.0505215889973506,False
MACF1,NEUTRAL,-0.007617762294089626,0.13750352374993502,-0.010990107884354037,0.12651341586558099,-0.05915924005949749,-0.059159240059497825,False
BTN2A3P,DIG,-1.499076301023811,0.5484366246960424,-2.162709945401223,-1.6142733207051807,-1.8040013635539263,-2.2108790775763683,True
SMIM30,DIG,-0.6184740162478556,0.5109619192773794,-0.8922693961594614,-0.381307476882082,-0.5598513173314608,-0.9404385283346072,True
BBOF1,NEUTRAL,0.010139978261787166,0.13750352374993502,0.014628896353002236,0.15213242010293726,-0.033540235822143195,-0.033540235822143195,False
SOX21-AS1,NEUTRAL,0.018673607330433734,0.13750352374993502,0.026940320691124543,0.16444384444105956,-0.02122881148402043,-0.021228811484020272,False
ANAPC10,NEUTRAL,-0.006717334822998023,0.13750352374993502,-0.009691065637129992,0.12781245811280503,-0.05786019781227464,-0.05786019781227447,False
KAT7,DSG,-0.08220194810656846,1.3219280948873624,-0.11859234288475823,1.2033357520026042,1.013503882664637,-0.16676147505990424,False
BAK1,DIG,1.5864341580684729,0.560714954474479,2.2887406925422438,2.8494556470167227,2.662042640780629,2.2405715603670973,True
RPL26P35,NEUTRAL,-0.01086157904054243,0.13750352374993502,-0.01566994621801407,0.12183357753192095,-0.06383907839315936,-0.06383907839315903,False
BBS2,NEUTRAL,-0.03773096007440483,0.13750352374993502,-0.05443426898732332,0.0830692547626117,-0.10260340116246927,-0.10260340116246945,False
GRIN2D,DIG,1.1989521465379358,0.49825086752782544,1.7297223160734578,2.227973183601283,2.0367665113595756,1.6815531838983115,True
RPS2P17,DIG,-1.463659414620655,0.45943161863729726,-2.111614179023662,-1.6521825603863647,-1.83721172599367,-2.1597833111988094,True
TCF7L1,DIG,1.335139955115789,0.4462562298895641,1.9261997921382619,2.372456022027826,2.188684372816924,1.878030659963116,True
LINC01122,DIG,-1.2435695959256028,0.4329594072761063,-1.7940916890421592,-1.361132281766053,-1.5341931020182062,-1.842260821217305,True
LINC00174,DSG,-0.0368427016456787,1.1618876823768942,-0.05315278295717231,1.108734899419722,0.9234406449175174,-0.10132191513231785,False
RPL12P7,NEUTRAL,-0.001074200290294368,0.13750352374993502,-0.0015497434317291695,0.13595378031820585,-0.049718875606873755,-0.04971887560687442,False
LINC02237,DCG,-0.8630599954473296,1.3575520046180838,-1.2451323754215138,0.11241962919657,-0.07175383593215386,-1.2933015075966572,True
PAXBP1,DIG,-0.909165835211328,0.4854268271702419,-1.3116490418050555,-0.8262222146348136,-1.0106290877807458,-1.3598181739802009,True
PSMG1,DIG,-1.4991476006176134,0.560714954474479,-2.162812808971619,-1.6020978544971403,-1.7867036806611802,-2.2109819411467653,True
INTS1,DIG,1.1688836120127226,0.560714954474479,1.6863425904271343,2.2470575449016135,2.075490075282923,1.6381734582519876,True
STAT4,NEUTRAL,0.043028342463822714,0.13750352374993502,0.062076776290229035,0.19958030004016405,0.01390764411508349,0.013907644115083807,False
UMAD1,DIG,-0.9257753163231802,0.632268215499513,-1.3356114578368636,-0.7033432423373507,-0.886864767742122,-1.3837805900120108,True
KHDC1,DIG,1.6458503729217662,0.4724877714627438,2.374460171059483,2.8469479425222266,2.6581714687487583,2.326291038884336,True
CAP1P2,DIG,1.2529573033516983,0.45943161863729726,1.8076352879911037,2.267066906628401,2.0801883429727908,1.759466155815957,True
MCM7,DSG,0.024148149306905647,1.3146965256562866,0.03483841525171904,1.3495349409080055,1.166390427581674,-0.013330716923427056,False
RPS26P47,NEUTRAL,-0.05099224225473026,0.13750352374993502,-0.073566255024708,0.06393726872522702,-0.12173538719985351,-0.12173538719985386,False
URB2,DCG,-0.7556405434995672,1.1937717433966801,-1.0901588648014666,0.10361287859521351,-0.08282917859429566,-1.1383279969766111,True
PIAS1,NEUTRAL,0.03650485311893251,0.13750352374993502,0.052665370563063946,0.19016889431299897,0.0044962383879193725,0.004496238387919053,False
TSFM,DIG,1.3262318090619893,0.5484366246960424,1.9133480540029306,2.461784678698973,2.284278053438416,1.8651789218277834,True
COX16,NEUTRAL,0.010393474054137269,0.13750352374993502,0.014994613475511948,0.15249813722544697,-0.03317451869963368,-0.03317451869963352,False
CCDC190,DCG,0.7836271488021462,-0.7369655941662062,1.1305350014828142,0.39356940731660794,0.2078967513915288,1.082365869307669,True
ZC3H3,DCG,-0.7394482620341816,1.06177619758669,-1.0667983406306765,-0.0050221430439865156,-0.18425376844871288,-1.1149674728058232,True
CRY2,DIG,-0.6024054082786623,0.4462562298895641,-0.8690872951283174,-0.4228310652387533,-0.5946375435244742,-0.917256427303463,True
TNC,NEUTRAL,0.005457132413578018,0.13750352374993502,0.007872977870543427,0.14537650162047844,-0.040296154304600575,-0.04029615430460074,False
KRT18P14,DIG,0.5817779879254596,0.4462562298895641,0.8393282180784198,1.2855844479679839,1.1061154418728159,0.7911590859032731,True
PADI1,NEUTRAL,0.057115362623396455,0.13750352374993502,0.08240005041534892,0.21990357416528394,0.034230918240204286,0.034230918240204286,False
IPO9,DCG,-0.9325971503200589,1.2479275134435854,-1.3454532839139282,-0.09752577047034272,-0.2796905638044277,-1.3936224160890722,True
EEF1DP4,DSG,0.039902546109301974,-0.7369655941662062,0.05756720539073316,-0.6793983887754731,-0.8650710447005515,0.009398073215589307,False
PAN3,NEUTRAL,0.06240708699756542,0.13750352374993502,0.09003439492771374,0.22753791867764878,0.04186526275256837,0.04186526275256837,False
RTN4,DIG,1.3750475464174017,0.523561956057013,1.9837742762029222,2.5073362322599353,2.333552882887811,1.9356051440277766,True
DDX54,NEUTRAL,0.05619035060379936,0.13750352374993502,0.0810655401619135,0.21856906391184852,0.032896407986768496,0.032896407986768496,False
TDGP1,DSG,0.13031036774240295,1.1043366598147357,0.1879981213183819,1.2923347811331176,1.1017567402260493,0.13982898914323647,False
TCF7L1-IT1,DIG,0.8008679570207613,0.4195388915137848,1.1554082300007278,1.5749471215145125,1.3995334296380437,1.1072390978255795,True
CST2,DSG,0.071207465669412,1.3291235962915664,0.1027306575955318,1.4318542538870982,1.2449976795413302,0.05456152542038632,False
AGAP2,DIG,-1.047740347347102,0.4724877714627438,-1.5115698032569442,-1.0390820317942004,-1.2230743663183412,-1.5597389354320892,True
PRMT7,NEUTRAL,0.005126825621650036,0.13750352374993502,0.007396445899856984,0.14489996964979202,-0.040772686275287726,-0.04077268627528789,False
HSPA14,DSG,-0.039010857929408095,1.3575520046180838,-0.056280771275580954,1.301271233342503,1.1152320123144155,-0.10444990345072712,False
PRKG2,NEUTRAL,-0.015339662472537742,0.13750352374993502,-0.022130454978040736,0.11537306877189428,-0.07029958715318631,-0.07029958715318614,False
PLA2R1,NEUTRAL,-0.007378631246364988,0.13750352374993502,-0.01064511470767912,0.1268584090422559,-0.05881424688282403,-0.05881424688282369,False
SPRYD4,DIG,1.4258752290980619,0.49825086752782544,2.0571031219461884,2.555353989474014,2.365230162526722,2.0089339897710436,True
TXNRD3,DIG,-1.6021757923454356,0.4724877714627438,-2.3114510702491056,-1.8389632987863618,-2.0186077208639794,-2.3596202024242525,True
CMAHP,DIG,-1.1333246232018517,0.45943161863729726,-1.6350418136106644,-1.175610194973367,-1.372825967006777,-1.6832109457858098,True
MCM8,DSG,-0.12512335576437653,1.1779177921958432,-0.1805148448606515,0.9974029473351917,0.7995749338251417,-0.22868397703579713,False
TOMM40L,DCG,-0.7950993400646149,1.2172307162206693,-1.1470858749253074,0.0701448412953618,-0.10801409269471478,-1.1952550071004535,True
IL6R,DCG,-0.7504509796159475,1.1292830169449666,-1.0826719067221922,0.04661111022277442,-0.14225183515742532,-1.1308410388973384,True
TUBA4B,NEUTRAL,-0.039755159110881046,0.13750352374993502,-0.057354570899019776,0.08014895285091525,-0.105523703074165,-0.10552370307416484,False
IFNA5,NEUTRAL,0.0354179763773636,0.13750352374993502,0.051097338877944924,0.18860086262787995,0.0029282067028001597,0.0029282067028001597,False
GPC2,DSG,-0.06036087556557158,-3.321928094887362,-0.08708233584216592,-3.409010430729528,-3.594683086654607,-0.13525146801731036,False
PAPPA-AS1,NEUTRAL,-0.07425595023243704,0.13750352374993502,-0.1071286911568346,0.03037483259310042,-0.15529782333197997,-0.15529782333197997,False
RPL24,DIG,0.8080667472180141,0.523561956057013,1.1657938889187045,1.6893558449757173,1.4955541714585283,1.117624756743558,True
MTND4LP30,NEUTRAL,-0.028295639157719148,0.13750352374993502,-0.04082197829162498,0.09668154545831004,-0.08899111046676914,-0.0889911104667693,False
FNBP1L,NEUTRAL,-0.013970888156125006,0.13750352374993502,-0.0201557310596559,0.11734779269027912,-0.06832486323480053,-0.06832486323480053,False
LEMD1-AS1,DCG,-0.8253113742278103,1.1043366598147357,-1.1906726267877175,-0.08633596697298174,-0.2746356698885057,-1.238841758962856,True
CD48,DCG,-0.7381099667919916,1.2016338611696507,-1.0648675887215238,0.1367662724481269,-0.04828178291711668,-1.1130367208966696,True
ANKRD37,NEUTRAL,-0.033941387723236675,0.13750352374993502,-0.048967071749203096,0.08853645200073193,-0.09713620392434864,-0.09713620392434831,False
DPYSL4,NEUTRAL,0.0003201136003258858,0.13750352374993502,0.00046182630371126716,0.1379653500536463,-0.0477073058714341,-0.04770730587143393,False
ARSG,DCG,-0.9108950743382881,1.3645724322958561,-1.314143806518032,0.05042862577782414,-0.1334869107272519,-1.362312938693178,True
RPS24P17,NEUTRAL,-0.008435889354883553,0.13750352374993502,-0.0121704157377785,0.12533310801215652,-0.06033954791292307,-0.06033954791292307,False
CLOCK,NEUTRAL,0.010414574383367752,0.13750352374993502,0.01502505481585389,0.1525285785657889,-0.033144077359290286,-0.03314407735929045,False
UBE2B,NEUTRAL,0.035266166756774735,0.13750352374993502,0.050878323891162126,0.18838184764109714,0.0027091917160181824,0.0027091917160181824,False
LINC00921,DSG,0.10513995785793635,1.2705289423807182,0.15168489580091937,1.4222138381816376,1.2412924789738784,0.10351576362577342,False
PDIA6,DIG,0.9017119379094625,0.4724877714627438,1.3008953411323585,1.7733831125951023,1.5993768324656052,1.2527262089572129,True
MAPRE3,DIG,-1.4941029922097746,0.49825086752782544,-2.1555349774384034,-1.657284109910578,-1.8472705845616548,-2.2037041096135512,True
GPNMB,DSG,-0.052450797853253135,1.446256229889564,-0.07567050595355779,1.3705857239360062,1.182172566798176,-0.12383963812870466,False
NCAPG,NEUTRAL,0.02631985059645829,0.13750352374993502,0.0379715179324488,0.17547504168238381,-0.010197614242696077,-0.010197614242695916,False
CYP1B1,DIG,-1.693218416486341,0.4329594072761063,-2.442797812606708,-2.0098384053306013,-2.2093060171274286,-2.4909669447818525,True
MRPL15,DCG,-0.8496181506384082,1.0789513413948222,-1.2257398925752838,-0.14678855118046163,-0.3247495206686072,-1.2739090247504292,True
SLC25A44,DCG,-1.0100016308322828,1.3575520046180838,-1.4571243440915,-0.09957233947341626,-0.2878491640648079,-1.5052934762666461,True
CCDC93,NEUTRAL,-0.0011203589352177994,0.13750352374993502,-0.0016163362798543588,0.13588718747008066,-0.04978546845499918,-0.04978546845499868,False
RNU6-1330P,NEUTRAL,-0.03574471169397103,0.13750352374993502,-0.051568718298897746,0.08593480545103727,-0.09973785047404161,-0.09973785047404145,False
CFAP77,NEUTRAL,-0.018746739315309662,0.13750352374993502,-0.027045827843035414,0.1104576959068996,-0.07521496001818007,-0.0752149600181799,False
LINC02346,NEUTRAL,-0.01345764514009376,0.13750352374993502,-0.01941527790565673,0.1180882458442783,-0.06758441008080157,-0.06758441008080157,False
PYGB,DSG,0.017138451424423447,-3.321928094887362,0.0247255588785321,-3.29720253600883,-3.4828751919339096,-0.023443573296611883,False
ZSWIM4,DIG,1.0450687977478166,0.5969351423872323,1.507715571898566,2.1046507142857984,1.9100343096954142,1.4595464397234201,True
CSRNP1,NEUTRAL,-0.035957516066753514,0.13750352374993502,-0.05187573011219052,0.0856277936377445,-0.10004486228733547,-0.10004486228733547,False
PSMA6,DIG,-1.3185023155184976,0.523561956057013,-1.902196751999152,-1.3786347959421392,-1.558663133998163,-1.950365884174297,True
SCOC,NEUTRAL,-0.0366675070044706,0.13750352374993502,-0.05290003051711106,0.08460349323282396,-0.10106916269225483,-0.10106916269225483,False
DMTN,NEUTRAL,0.044727013332683155,0.13750352374993502,0.06452744032883653,0.20203096407877155,0.016358308153690663,0.016358308153690663,False
ANKRD45,DCG,-0.8618226062459055,1.3434078222978139,-1.2433472001569696,0.10006062214084421,-0.09350684423031232,-1.2915163323321124,True
CAPN9,DCG,-0.8546411328715598,1.1210154009613662,-1.2329865241335252,-0.11197112317215896,-0.2981104160671655,-1.2811556563086703,True
MIR622,NEUTRAL,0.023345259378792522,0.13750352374993502,0.033680089934050535,0.17118361368398555,-0.014489042241094569,-0.014489042241094569,False
HSPA8,NEUTRAL,0.1110544862138902,0.13750352374993502,0.16021775652925116,0.2977212802791862,0.1120486243541055,0.1120486243541058,False
DDX6P2,NEUTRAL,0.013356931414601198,0.13750352374993502,0.019269978713339155,0.15677350246327418,-0.028899153461805712,-0.028899153461805223,False
CDRT15P3,NEUTRAL,0.04858986865650223,0.13750352374993502,0.07010036254818185,0.20760388629811688,0.02193123037303815,0.02193123037303815,False
LGR5,DIG,1.6024696224008803,0.523561956057013,2.31187497741296,2.835436933469973,2.6487674891827253,2.263705845237814,True
THRIL,NEUTRAL,0.008190789369067713,0.13750352374993502,0.01181681120372003,0.14932033495365504,-0.036352320971426065,-0.036352320971425905,False
ONECUT1,NEUTRAL,-0.04803028246687192,0.13750352374993502,-0.06929305032745224,0.06821047342248278,-0.11746218250259645,-0.11746218250259627,False
SPART,NEUTRAL,0.02166616338282408,0.13750352374993502,0.03125766646749035,0.16876119021742536,-0.0169114657076553,-0.01691146570765514,False
PARP12,DIG,0.7757235358418971,0.4329594072761063,1.119132498259957,1.5520919055360634,1.3754722368985282,1.0709633660848101,True
GAPDHS,DSG,-0.05671789883496201,-0.7369655941662062,-0.08182663137884161,-0.8187922255450478,-1.0044648814701294,-0.12999576355398806,False
THY1-AS1,NEUTRAL,0.032220687989062,0.13750352374993502,0.04648462677585033,0.18398815052578535,-0.0016845053992946353,-0.001684505399294475,False
DOK2,NEUTRAL,-0.011037100560642036,0.13750352374993502,-0.015923170244631062,0.12158035350530395,-0.06409230241977638,-0.06409230241977638,False
DDB1,DIG,-1.3277956560969002,0.49825086752782544,-1.9156042083649056,-1.4173533408370802,-1.59510387292691,-1.9637733405400508,True
PRDX3P1,NEUTRAL,0.020555429322639533,0.13750352374993502,0.029655215947115638,0.16715873969705067,-0.0185139162280291,-0.0185139162280291,False
GCLC,DIG,1.1782944232013817,0.5849625007211562,1.6999195210597549,2.284882021780911,2.0953412366452384,1.6517503888846101,True
ARMC12,DIG,-1.6540839047525406,0.53605290024021,-2.386338646600743,-1.850285746360533,-2.039400230951268,-2.4345077787758873,True
RPS18,DIG,-1.5376709090803709,0.49825086752782544,-2.218390195049475,-1.7201393275216497,-1.9062237227930168,-2.2665593272246203,True
VWDE,DSG,-0.06228622258960419,1.3504972470841334,-0.08986002444572809,1.2606372226384053,1.0748549432349923,-0.13802915662087284,False
IFNE,NEUTRAL,-0.041375498820649254,0.13750352374993502,-0.059692226962857836,0.07781129678707718,-0.10786135913800243,-0.1078613591380026,False
HMGB1P20,DIG,-1.6687633822295285,0.5484366246960424,-2.4075166559596344,-1.859080031263592,-2.0539586063931417,-2.4556857881347334,True
CHP1P1,NEUTRAL,0.019039088769339626,0.13750352374993502,0.027467598950571038,0.16497112270050607,-0.02070153322457359,-0.02070153322457359,False
CDA,NEUTRAL,0.015167037521721766,0.13750352374993502,0.021881409817564826,0.15938493356749983,-0.026287722357578897,-0.026287722357578733,False
SPRTN,DCG,-0.8959195867515772,1.3362833878644325,-1.29253874484179,0.04374464302264247,-0.14070840172610694,-1.340707877016937,True
SPCS3,NEUTRAL,-0.024287002395248242,0.13750352374993502,-0.03503873791368302,0.102464785836252,-0.08320787008882718,-0.08320787008882685,False
FBXO27,DSG,0.08103295791531585,1.1292830169449666,0.11690584653299026,1.2461888634779568,1.0587843893947582,0.06873671435784427,False
LCLAT1,DIG,1.6619394961705698,0.3923174227787603,2.3976718693827834,2.7899892921615437,2.6130546187173866,2.3495027372076374,True
HEY2,DIG,1.0885145717209626,0.37851162325372983,1.5703945745572065,1.9489061978109363,1.7533221343185463,1.52222544238206,True
CCDC178,NEUTRAL,0.03351582059598931,0.13750352374993502,0.048353108165157956,0.18585663191509297,0.00018397599001235366,0.00018397599001267396,False
CCP110,DSG,-0.031716900177337325,-3.321928094887362,-0.04575781459821485,-3.367685909485577,-3.553358565410656,-0.09392694677335883,False
NOL9,NEUTRAL,0.0020466001777042697,0.13750352374993502,0.0029526199270564213,0.14045614367699144,-0.04521651224808746,-0.045216512248087294,False
ATP5POP1,NEUTRAL,0.011103244100211006,0.13750352374993502,0.01601859520115406,0.15352211895108908,-0.03215053697399124,-0.032150536973990916,False
ZFHX4,DCG,-0.8018786272655466,1.2479275134435854,-1.1568663189508537,0.09106119449273176,-0.09213607690071929,-1.2050354511259989,True
CPEB4,DIG,-1.1740669405709552,0.4854268271702419,-1.6938205528333943,-1.2083937256631523,-1.3881976869474073,-1.7419896850085417,True
ARF4P1,NEUTRAL,0.013008787473218732,0.13750352374993502,0.018767713175591134,0.15627123692552616,-0.029401418999554573,-0.02940141899955441,False
GBP1P1,NEUTRAL,0.011478159561767698,0.13750352374993502,0.016559483878294496,0.15406300762822953,-0.03160964829684891,-0.03160964829684891,False
FAM184A,DIG,-1.5970403840829543,0.405992359675837,-2.3040422422158837,-1.8980498825400467,-2.086499742818922,-2.3522113743910285,True
TSPEAR,DIG,-1.0536361059756036,0.523561956057013,-1.5200755849925618,-0.9965136289355488,-1.1825283399016902,-1.5682447171677047,True
COL4A2,NEUTRAL,-0.028851875407748515,0.13750352374993502,-0.04162445757110502,0.09587906617882999,-0.08979358974625147,-0.08979358974625079,False
IK,NEUTRAL,-0.037179178448611946,0.13750352374993502,-0.05363821637213828,0.08386530737779674,-0.1018073485472839,-0.1018073485472839,False
PPP1R2B,NEUTRAL,0.011821132377531995,0.13750352374993502,0.01705428905875737,0.15455781280869238,-0.031114843116387052,-0.03111484311638738,False
GAS1,NEUTRAL,0.03557747323782796,0.13750352374993502,0.05132744420757421,0.18883096795750923,0.003158312032428637,0.003158312032428637,False
LAPTM4BP1,DCG,-0.9056505012871539,1.3074285251922473,-1.3065774869855806,0.0008510382066666544,-0.1829876296938482,-1.354746619160724,True
HLA-DOA,DIG,-1.1453464846358297,0.5969351423872323,-1.6523856934837189,-1.0554505510964867,-1.2379508824640564,-1.7005548256588656,True
RPL12P12,DSG,0.06268585219478993,1.371558862611963,0.09043656809532198,1.461995430707285,1.2732217378721302,0.0422674359201761,False
KATNAL1,NEUTRAL,-0.001972340256918732,0.13750352374993502,-0.0028454855076023187,0.1346580382423327,-0.05101461768274579,-0.05101461768274612,False
GIN1,NEUTRAL,0.004241271920750222,0.13750352374993502,0.006118861967127954,0.14362238571706298,-0.04205027020801792,-0.04205027020801809,False
GPX2,NEUTRAL,0.04263609751311965,0.13750352374993502,0.06151088644503599,0.19901441019497101,0.013341754269890383,0.013341754269890066,False
CEMIP,NEUTRAL,0.005960965256100076,0.13750352374993502,0.00859985501388699,0.146103378763822,-0.03956927716125654,-0.03956927716125654,False
RGS20,DCG,-0.7885330567721159,1.2779847472997656,-1.137612730582147,0.14037201671761856,-0.03793435196985139,-1.1857818627572905,True
RMRP,DIG,1.0905799513470684,0.3923174227787603,1.5733742875013426,1.9656917102801028,1.7729494960532606,1.5252051553261976,True
BCO2,NEUTRAL,-0.01047018176914734,0.13750352374993502,-0.015105279315554901,0.12239824443438012,-0.06327441149069954,-0.06327441149069903,False
LINC00504,NEUTRAL,0.03469814390010914,0.13750352374993502,0.05005884013273909,0.1875623638826741,0.0018897079575929344,0.0018897079575935741,False
RPL7AP64,NEUTRAL,-0.0457577888567257,0.13750352374993502,-0.06601453506564244,0.07148898868429258,-0.114183667240787,-0.11418366724078682,False
BRSK1,DIG,-0.6268471910520517,0.4724877714627438,-0.9043493339259715,-0.4318615624632277,-0.624141869839966,-0.9525184661011185,True
LINC02019,NEUTRAL,0.03446015078403159,0.13750352374993502,0.04971548864440831,0.18721901239434333,0.001546356469263529,0.001546356469263529,False
MCRIP2,DSG,-0.07966467439287321,-3.321928094887362,-0.11493183068063217,-3.4368599255679944,-3.622532581493074,-0.16310096285577674,False
MX2,DIG,-0.9252194687459586,0.5728896684205812,-1.3348095392937158,-0.7619198708731346,-0.9457438288039106,-1.3829786714688608,True
HOXD11,NEUTRAL,0.016413321303117304,0.13750352374993502,0.02367941724852451,0.16118294099845953,-0.024489714926620186,-0.024489714926620186,False
FAM167A,NEUTRAL,0.05572012645576159,0.13750352374993502,0.08038715011543318,0.2178906738653682,0.032218017940289195,0.032218017940289195,False
TGM1,NEUTRAL,0.013428732920121917,0.13750352374993502,0.019373566389282258,0.15687709013921727,-0.028795565785862242,-0.028795565785862242,False
KCNH3,DIG,1.0250731923938232,0.4462562298895641,1.478868011214787,1.925124241104351,1.7262173043458733,1.43069887903964,True
COL20A1,DCG,-1.1676093121938884,1.3785116232537298,-1.6845041643978964,-0.30599254114416663,-0.48912512335530134,-1.7326732965730356,True
ERAP1,NEUTRAL,0.06410323670789456,0.13750352374993502,0.09248142170341084,0.22998494545334586,0.04431228952826717,0.04431228952826748,False
DUS1L,DSG,0.028003052489259543,-0.7369655941662062,0.040399864956008086,-0.6965657292101981,-0.8822383851352794,-0.007769267219137992,False
GRIK3,NEUTRAL,0.010205064154259794,0.13750352374993502,0.014722795447304328,0.15222631919723933,-0.03344633672784056,-0.0334463367278404,False
PRR5-ARHGAP8,NEUTRAL,0.022782376392950703,0.13750352374993502,0.03286802144177577,0.1703715451917108,-0.015301110733369977,-0.015301110733370139,False
LUZP1,NEUTRAL,0.023270861980050885,0.13750352374993502,0.033572757175830935,0.17107628092576596,-0.014596374999314772,-0.014596374999314933,False
MAP3K21,DCG,-0.7164375508104821,1.20945336562895,-1.0336009016609173,0.17585246396803256,-0.008684160237723205,-1.0817700338360632,True
CALM3,DIG,0.6498427262373683,0.560714954474479,0.9375248785004155,1.4982398329748947,1.3106888989841334,0.8893557463252697,True
GALR1,NEUTRAL,0.027683735990357856,0.13750352374993502,0.039939188626568596,0.1774427123765036,-0.008229943548575668,-0.00822994354857599,False
ASB14,NEUTRAL,-0.02274373426439468,0.13750352374993502,-0.032812272634538606,0.10469125111539641,-0.08098140480968405,-0.08098140480968405,False
LGR4,DIG,0.9769630456429501,0.3923174227787603,1.4094597410808622,1.8017771638596225,1.6181503948937317,1.361290608905717,True
FMO6P,DCG,-0.6951194740651606,1.1618876823768942,-1.0028454180591517,0.1590422643177425,-0.018927323972595556,-1.051014550234295,True
LYPD1,NEUTRAL,-0.03257725407684962,0.13750352374993502,-0.04699904290245071,0.0905044808474843,-0.09516817507759591,-0.09516817507759608,False
PLK2,NEUTRAL,-0.042147572793259806,0.13750352374993502,-0.060806094254342524,0.0766974294955925,-0.10897522642948766,-0.10897522642948748,False
MIR4763,NEUTRAL,0.07583065645584386,0.13750352374993502,0.10940051201620059,0.24690403576613562,0.061231379841056185,0.0612313798410565,False
PPP1R7,NEUTRAL,-0.03250994244947063,0.13750352374993502,-0.04690193275143687,0.09060159099849815,-0.0950710649265814,-0.09507106492658157,False
ZNF610,DIG,-1.1535629271710341,0.5484366246960424,-1.6642395143830075,-1.1158028896869652,-1.3067951700311735,-1.7124086465581534,True
SNTB2,NEUTRAL,0.03775913491238835,0.13750352374993502,0.05447491668636,0.19197844043629503,0.006305784511214798,0.006305784511214798,False
SLC22A2,NEUTRAL,0.04075567874831639,0.13750352374993502,0.05879801561825977,0.19630153936819478,0.010628883443114155,0.010628883443114474,False
RPS5P2,DIG,-1.1111586850087196,0.5728896684205812,-1.6030631245027815,-1.0301734560822005,-1.2212740823296555,-1.6512322566779174,True
TARBP2,DIG,-1.140100098541272,0.45943161863729726,-1.6448167582825115,-1.1853851396452142,-1.3774316698903728,-1.692985890457657,True
IGFBP6,DIG,-1.2440520640296093,0.45943161863729726,-1.7947877433831967,-1.3353561247458994,-1.5301198746596125,-1.8429568755583436,True
GNG4,DCG,0.7853745165531963,-0.7369655941662062,1.1330559202718635,0.3960903261056573,0.21041767018057603,1.084886788096717,True
SPA17,NEUTRAL,-0.030617018969328176,0.13750352374993502,-0.04417102143385308,0.09333250231608194,-0.09234015360899842,-0.09234015360899825,False
KMT2B,DIG,0.9755662860849083,0.5849625007211562,1.4074446429931609,1.992407143714317,1.8057331164455541,1.3592755108180137,True
NDUFV2,NEUTRAL,-0.01826717802380784,0.13750352374993502,-0.026353967145983426,0.1111495566039516,-0.07452309932112733,-0.07452309932112716,False
BIRC6,DIG,0.983607085689293,0.405992359675837,1.4190450647071888,1.8250374243830259,1.641493068855891,1.370875932532043,True
KIFBP,NEUTRAL,0.01995330866247037,0.13750352374993502,0.0287865394566728,0.16629006320660783,-0.019382592718471234,-0.019382592718471557,False
SKA1,NEUTRAL,0.003921414168317834,0.13750352374993502,0.005657404773903858,0.14316092852383888,-0.04251172740124155,-0.04251172740124155,False
FAM53B-AS1,NEUTRAL,0.0014694456441029218,0.13750352374993502,0.002119961943603174,0.1396234856935382,-0.04604917023154111,-0.04604917023154128,False
YTHDF3,DCG,-1.0268172005073881,1.3362833878644325,-1.4813840830714973,-0.1451006952070648,-0.33572316673217634,-1.5295532152466425,True
RNF157,DSG,-0.0035730313009279357,1.3434078222978139,-0.005154794538789775,1.338253027759024,1.1511634821171821,-0.05332392671393471,False
CDC42SE1,DCG,-0.8224407828171136,1.20945336562895,-1.1865312387950868,0.022922126833863077,-0.16863981052015206,-1.2347003709702309,True
TMCO1-AS1,DCG,0.8527238047569965,-0.7369655941662062,1.2302204043708875,0.4932548102046813,0.3075821542796029,1.1820512721957437,True
SMG5,DCG,-0.8737240132379847,1.3001237245690138,-1.2605173010040436,0.03960642356497024,-0.14334854569898156,-1.3086864331791883,True
MEI1,NEUTRAL,-0.026788604308010895,0.13750352374993502,-0.03864778658750404,0.09885573716243098,-0.08681691876264931,-0.08681691876264966,False
FCHO2,NEUTRAL,0.01997451601129057,0.13750352374993502,0.028817135193646107,0.1663206589435811,-0.019351996981499343,-0.01935199698149967,False
SLC50A1,DCG,0.903246641636923,-0.7369655941662062,1.3031094505891996,0.5661438564229934,0.3804712004979118,1.254940318414053,True
LINC01977,DSG,-0.000129892506185488,-3.321928094887362,-0.00018739527452244254,-3.3221154901618846,-3.5077881460869644,-0.04835652744966727,False
LLPHP3,NEUTRAL,-0.02415135100040057,0.13750352374993502,-0.03484303431904661,0.1026604894308884,-0.08301216649419113,-0.08301216649419062,False
HCG9,DIG,-1.6261124003546472,0.5849625007211562,-2.345984295919698,-1.761021795198542,-1.9427703375435021,-2.3941534280948242,True
ZNF181,DSG,0.1190748163585813,1.0268000593437154,0.17178864705528926,1.1985887063990046,1.0066719870406409,0.12361951488014429,False
ATG12,NEUTRAL,-0.005055500789566196,0.13750352374993502,-0.00729354591831739,0.13020997783161764,-0.05546267809346347,-0.0554626780934633,False
MYL4,NEUTRAL,-0.020502027822328083,0.13750352374993502,-0.02957817386744028,0.10792534988249475,-0.07774730604258484,-0.07774730604258484,False
SQSTM1,DIG,1.2071847860039613,0.4854268271702419,1.7415995042045196,2.2270263313747614,2.0496951986309067,1.6934303720293744,True
ZNF20,DIG,1.7231165127091306,0.49825086752782544,2.4859316477593474,2.9841825152871726,2.785056132280964,2.437762515584202,True
EDIL3,NEUTRAL,-0.042731211012801286,0.13750352374993502,-0.06164810621934828,0.07585541753058675,-0.10981723839449364,-0.10981723839449416,False
ZNF385B,NEUTRAL,0.028338444927070338,0.13750352374993502,0.04088373396278938,0.1783872577127244,-0.007285398212354469,-0.007285398212354469,False
TYW1,DSG,0.04981003198774622,-0.7369655941662062,0.07186068613524212,-0.6651049080309641,-0.8507775639560443,0.02369155396009723,False
KRAS,DSG,-0.04425233654898425,1.3854310371935206,-0.063842626486969,1.3215884107065516,1.133988288902411,-0.11201175866211456,False
KIF14,DCG,0.8654644457823799,-0.7369655941662062,1.2486012639959547,0.5116356698297485,0.32596301390466703,1.2004321318208084,True
TP53BP2,DCG,-0.8270771940317294,1.1699250014423124,-1.193220166261935,-0.023295164819622682,-0.20808329306629195,-1.2413892984370793,True
FBXL4,DIG,1.4027621094582245,0.45943161863729726,2.023757938862322,2.4831895574996192,2.2899385106730086,1.975588806687176,True
SH2D2A,DCG,-0.9638110197303009,1.2172307162206693,-1.39048537851904,-0.17325466229837083,-0.3618881984247219,-1.4386545106941853,True
PSMG2,NEUTRAL,0.0017120485628400173,0.13750352374993502,0.00246996397137037,0.13997348772130538,-0.0456991682037741,-0.045699168203773934,False
RNA5SP494,NEUTRAL,0.006882815537886775,0.13750352374993502,0.009929803843862753,0.14743332759379776,-0.038239328331281595,-0.038239328331281595,False
SPDL1,DIG,1.5484468295624716,0.4329594072761063,2.233936562090016,2.6668959693661223,2.4865734730153126,2.1857674299148706,True
SNORA52,NEUTRAL,-0.020229801823153575,0.13750352374993502,-0.029185434768430177,0.10831808898150484,-0.07735456694357587,-0.07735456694357604,False
LIMK1,DIG,1.4044247804420242,0.4329594072761063,2.0261566660452797,2.459116073321386,2.27157730996212,1.9779875338701345,True
RPL7P60,DSG,-0.0339488780691024,1.4982508675278254,-0.04897787803403812,1.4492729894937872,1.2615066420144132,-0.09714701020918216,False
PRELP,DCG,0.9331031468819714,-0.7369655941662062,1.3461832826445062,0.6092176884782999,0.423545032553218,1.2980141504693596,True
NAGA,NEUTRAL,0.0514468254012923,0.13750352374993502,0.07422207987592476,0.2117256036258598,0.026052947700780274,0.026052947700780274,False
EDRF1,NEUTRAL,-0.006761152111437774,0.13750352374993502,-0.009754280621867222,0.1277492431280678,-0.05792341279701157,-0.057923412797011735,False
OSR2,DCG,-0.8944612706687919,1.2927817492278462,-1.290434839461107,0.002346909766739236,-0.18361130013790308,-1.338603971636253,True
ATP6V1F,DIG,-1.040461095594649,0.45943161863729726,-1.5010680628522977,-1.0416364442150003,-1.2243715989052015,-1.5492371950274444,True
TREX1,NEUTRAL,0.041474697957743986,0.13750352374993502,0.05983534106600487,0.19733886481593987,0.011666208890860012,0.011666208890860012,False
TEX26,NEUTRAL,-0.03369077081033646,0.13750352374993502,-0.04860550797179905,0.08889801577813597,-0.09677464014694362,-0.09677464014694362,False
TLL1,NEUTRAL,0.006435303722619103,0.13750352374993502,0.009284180767236866,0.14678770451717188,-0.038884951407909124,-0.03888495140790879,False
P2RY13,DSG,0.12957996654189202,1.3854310371935206,0.18694437512854542,1.572375412322066,1.3886241352981974,0.13877524295339924,False
HS1BP3,DIG,-1.4966171295598414,0.4195388915137848,-2.1591621109254584,-1.7396232194116736,-1.9172233096655549,-2.2073312431006036,True
PLAAT3,DIG,1.0145713566179333,0.4329594072761063,1.4637170648206805,1.8966764720967868,1.7117669970850913,1.4155479326455347,True
LINC02104,DSG,-0.04654979885590802,1.1127001327493624,-0.06715716396379724,1.045542968785565,0.8623613510082494,-0.11532629613894292,False
RNF11,NEUTRAL,-0.04937328800582344,0.13750352374993502,-0.07123059775838401,0.066272925991551,-0.11939972993352747,-0.11939972993352782,False
RPL4,NEUTRAL,0.0007429491406491792,0.13750352374993502,0.0010718490408472877,0.1385753727907823,-0.047097283134296855,-0.04709728313429702,False
GABRG2,DIG,0.786236493901734,0.45943161863729726,1.1342994907179573,1.5937311093552546,1.4132120231106244,1.0861303585428117,True
BST2,DIG,0.8376721339354851,0.6205864104518776,1.2085054335196,1.8290918439714776,1.6426881448437514,1.1603363013444525,True
CPSF1P1,NEUTRAL,0.009427273348627403,0.13750352374993502,0.013600680509169447,0.15110420425910448,-0.03456845166597445,-0.03456845166597494,False
UBAC1,NEUTRAL,-0.0646287916823052,0.13750352374993502,-0.0932396372587076,0.04426388649122742,-0.14140876943385178,-0.14140876943385142,False
LRATD2,DCG,-0.919164483967979,1.3434078222978139,-1.3260740427818665,0.01733377951594739,-0.16623666366103862,-1.3742431749570116,True
UGT2B4,NEUTRAL,0.017449708390661255,0.13750352374993502,0.02517460776016553,0.16267813151010055,-0.02299452441498023,-0.022994524414980393,False
NXT1-AS1,DSG,-0.1164855734964433,1.2555007331483865,-0.16805315921842562,1.087447573929961,0.9031161976774938,-0.21622229139356913,False
PTMA,NEUTRAL,0.03401172227612782,0.13750352374993502,0.049068543059862295,0.18657206680979732,0.0008994108847179027,0.0008994108847179027,False
RETREG1,DSG,-0.04977242537848213,1.2172307162206693,-0.07180643126655216,1.1454242849541172,0.9619234920570687,-0.11997556344169702,False
CT70,NEUTRAL,-0.021283052861126184,0.13750352374993502,-0.030704954817724412,0.10679856893221061,-0.07887408699286964,-0.07887408699286948,False
MTMR11,DCG,-1.0043780000815339,1.4059923596758368,-1.449011159895604,-0.04301880021976712,-0.23318397579100117,-1.4971802920707495,True
PDIA3,NEUTRAL,-0.004561124853942364,0.13750352374993502,-0.006580312207658046,0.13092321154227698,-0.054749444382803505,-0.05474944438280384,False
FAM78A,NEUTRAL,0.032727707097604516,0.13750352374993502,0.04721610072938057,0.1847196244793156,-0.0009530314457638623,-0.0009530314457635417,False
CCDC12,NEUTRAL,0.02144555754919684,0.13750352374993502,0.030939399525325158,0.16844292327526017,-0.017229732649820965,-0.017229732649820643,False
CCL25,NEUTRAL,-0.0258846945188378,0.13750352374993502,-0.03734372041725303,0.10015980333268198,-0.08551285259239756,-0.08551285259239723,False
SNRPEP11,DIG,-0.6615072151079242,0.3645724322958561,-0.954353178748471,-0.5897807464526149,-0.7765031806511955,-1.0025223109236139,True
IQCH-AS1,NEUTRAL,0.019033430959683583,0.13750352374993502,0.02745943645663797,0.164962960206573,-0.02070969571850579,-0.020709695718505627,False
SIGLEC9,DIG,-0.662830488349185,0.5969351423872323,-0.9562622584913791,-0.3593271161041468,-0.5506343248428032,-1.0044313906665245,True
LINC00671,NEUTRAL,0.030129739042151875,0.13750352374993502,0.0434680250993911,0.18097154884932612,-0.004701107075752977,-0.004701107075752817,False
TBC1D8-AS1,NEUTRAL,0.019287897586319512,0.13750352374993502,0.02782655419695737,0.1653300779468924,-0.0203425779781867,-0.020342577978186536,False
HSDL1,NEUTRAL,0.031589411362029717,0.13750352374993502,0.04557388711660175,0.18307741086653678,-0.002595245058543933,-0.002595245058543933,False
SPPL2A,NEUTRAL,-0.020960045469980294,0.13750352374993502,-0.030238953656347756,0.10726457009358727,-0.07840808583149265,-0.07840808583149249,False
PGBD1,DIG,-0.7223559467502855,0.5728896684205812,-1.042139342133289,-0.46924967371270776,-0.6548668932282796,-1.0903084743084355,True
ANKRD33B,DSG,0.021761523796679633,1.439623137557117,0.031395242463656874,1.4710183800207737,1.279745702147388,-0.016773889711487425,False
ZNF587B,DIG,-0.9027552613348235,0.523561956057013,-1.3024005386641702,-0.7788385826071572,-0.9696856421255861,-1.3505696708393156,True
GPR26,NEUTRAL,0.021427334793612456,0.13750352374993502,0.03091310964621223,0.16841663339614726,-0.017256022528932026,-0.017256022528932675,False
KRT39,DIG,-1.5609030024557051,0.405992359675837,-2.2519070209515393,-1.8459146612757023,-2.0300873789123974,-2.300076153126677,True
LINC01798,DIG,-1.4026535499750459,0.49825086752782544,-2.0236013206342984,-1.525350453106473,-1.7083151153546856,-2.0717704528094343,True
C18orf21,NEUTRAL,0.036450587549334196,0.13750352374993502,0.052587081894913436,0.19009060564484845,0.004417949719768333,0.004417949719768333,False
RASSF8,DSG,0.01658301235698462,1.0443941193584534,0.023924229690422114,1.0683183490488755,0.8855436637377226,-0.024244902484722147,False
SLC11A1,NEUTRAL,-0.008766418601945276,0.13750352374993502,-0.012647268643383211,0.12485625510655181,-0.060816400818528384,-0.060816400818528384,False
ATP13A1,DIG,1.2332432374832365,0.53605290024021,1.7791939029269157,2.315246803167126,2.127018376406179,1.7310247707517694,True
MAN1C1,NEUTRAL,0.012553767280816874,0.13750352374993502,0.01811125780050863,0.15561478155044364,-0.030057874374635564,-0.030057874374635564,False
INTS7,DCG,-0.8944003853963848,1.1292830169449666,-1.290347000580542,-0.1610639836355754,-0.34115852135856106,-1.338516132755687,True
MGAT1,DIG,-0.8168534469232702,0.4195388915137848,-1.1784704170092581,-0.7589315254954734,-0.9374134286336361,-1.2266395491844038,True
BMP2K,NEUTRAL,-0.031634906128169424,0.13750352374993502,-0.045639522190097905,0.09186400155983712,-0.09380865436524408,-0.09380865436524374,False
AREL1,NEUTRAL,0.010878729169309079,0.13750352374993502,0.01569468862373632,0.15319821237367134,-0.03247444355140719,-0.03247444355140719,False
SLC25A39,NEUTRAL,0.03909239051705761,0.13750352374993502,0.05639839793545376,0.19390192168538878,0.008229265760307997,0.008229265760307997,False
ZNF564,DIG,1.3901721505158624,0.49825086752782544,2.0055944675311803,2.5038453350590055,2.3068711251004825,1.9574253353560342,True
GPAM,NEUTRAL,0.025641583132217403,0.13750352374993502,0.03699298482539214,0.17449650857532717,-0.011176147349753876,-0.011176147349753876,False
SMOC1,NEUTRAL,-0.03393576790808794,0.13750352374993502,-0.048958964069757305,0.08854455968017771,-0.09712809624490358,-0.09712809624490323,False
STAM2,NEUTRAL,-0.013005990491433573,0.13750352374993502,-0.018763677983840227,0.1187398457660948,-0.06693281015898579,-0.06693281015898579,False
LINC02362,NEUTRAL,0.023857814002940594,0.13750352374993502,0.034419549948493666,0.17192307369842869,-0.01374958222665071,-0.013749582226650549,False
LINC02183,NEUTRAL,-0.0013891258775538468,0.13750352374993502,-0.0020040850147174643,0.13549943873521755,-0.050173217189862764,-0.05017321718986243,False
APOOP4,NEUTRAL,-0.002119927803084361,0.13750352374993502,-0.0030584093285524424,0.13444511442138257,-0.0512275415036981,-0.051227541503697765,False
TEX26-AS1,NEUTRAL,-0.059331007652581216,0.13750352374993502,-0.08559655051132406,0.05190697323861096,-0.13376568268646882,-0.13376568268646846,False
ALDH6A1,NEUTRAL,-0.06113774034304259,0.13750352374993502,-0.08820311480406466,0.04930040894587036,-0.1363722469792092,-0.13637224697920902,False
LRFN1,DSG,-0.007710736950528869,1.070389327891398,-0.011124241960127288,1.0592650859312709,0.873229589846278,-0.05929337413527279,False
ZHX1-C8orf76,DCG,0.8186221132418784,-0.7369655941662062,1.1810220631361015,0.44405646896989526,0.25838381304481345,1.1328529309609547,True
LINC01990,DIG,1.4782284276386397,0.4195388915137848,2.1326328218553554,2.55217171336914,2.370872088114177,2.0844636896802085,True
MTOR,NEUTRAL,0.031053930609648596,0.13750352374993502,0.04480135169065001,0.18230487544058505,-0.0033677804844957342,-0.0033677804844958947,False
DNALI1,NEUTRAL,-0.012862247513111009,0.13750352374993502,-0.018556300701851654,0.11894722304808336,-0.06672543287699582,-0.06672543287699549,False
TMEM141,NEUTRAL,-0.023412421464724602,0.13750352374993502,-0.033776984342360504,0.10372653940757451,-0.08194611651750572,-0.08194611651750572,False
DCP2,NEUTRAL,-0.01622249820703466,0.13750352374993502,-0.023404117714119002,0.11409940603581602,-0.0715732498892628,-0.07157324988926261,False
NRGN,NEUTRAL,0.02050832218712339,0.13750352374993502,0.029587254716316014,0.16709077846625103,-0.018581877458829932,-0.018581877458829932,False
SGCB,NEUTRAL,-0.02539323221246195,0.13750352374993502,-0.036634690185060735,0.10086883356487428,-0.08480382236020577,-0.08480382236020594,False
ZNF578,DIG,-1.6959211285165965,0.560714954474479,-2.4466970018497083,-1.8859820473752293,-2.077702069045824,-2.4948661340248526,True
SNORA23,NEUTRAL,-0.05365107977618982,0.13750352374993502,-0.07740214673144721,0.060101377018487806,-0.12557127890659164,-0.12557127890659164,False
RPS19BP1,NEUTRAL,0.06364400755376995,0.13750352374993502,0.09181889408012364,0.22932241783005866,0.0436497619049775,0.04364976190497781,False
NAP1L5,NEUTRAL,0.015254410013745365,0.13750352374993502,0.022007461678517384,0.1595109854284524,-0.026161670496625957,-0.02616167049662612,False
RPA3,DIG,-0.966521723782283,0.560714954474479,-1.3943960978121521,-0.8336811433376731,-1.0111722799558358,-1.4425652299872973,True
LDHAP2,DCG,-0.8004415447123842,1.3645724322958561,-1.154793047078058,0.20977938521779804,0.028122329774035885,-1.2029621792532044,True
ZNF527,DSG,0.10350439391486817,1.3645724322958561,0.14932527581119812,1.5138977081070542,1.3192480811132619,0.101156143636052,False
LINC02828,DIG,-0.7014011458715973,0.5484366246960424,-1.0119079548227898,-0.46347133012674746,-0.6525339528397239,-1.0600770869979292,True
SV2A,DCG,-0.8251830894155134,1.3504972470841334,-1.1904875509251953,0.16000969615893812,-0.022730679183003255,-1.238656683100342,True
LINC01611,NEUTRAL,0.0655681948270128,0.13750352374993502,0.09459490951697275,0.23209843326690777,0.04642577734182786,0.04642577734182848,False
SLC47A1,NEUTRAL,0.00984116445854018,0.13750352374993502,0.014197799160908638,0.15170132291084365,-0.033971333014235106,-0.033971333014235265,False
CNTNAP4,NEUTRAL,0.025111939229415355,0.13750352374993502,0.03622887019338255,0.17373239394331758,-0.011940261981762656,-0.011940261981762334,False
RPL5P1,NEUTRAL,0.029294307164196995,0.13750352374993502,0.04226275167206504,0.17976627542200005,-0.005906380503080265,-0.005906380503080426,False
ZNF226,DIG,1.662581282433278,0.4195388915137848,2.3985977712413034,2.818136662755088,2.6334786787114464,2.3504286390661573,True
TMX4,DSG,-0.07592559893575515,-3.321928094887362,-0.10953748506113832,-3.4314655799485005,-3.6171382358735813,-0.1577066172362843,False
ABLIM3,NEUTRAL,-0.07338942100063016,0.13750352374993502,-0.10587855373132148,0.031624970018613544,-0.15404768590646686,-0.15404768590646686,False
RN7SL444P,DCG,2.0794415416798357,-3.321928094887362,3.0,-0.3219280948873622,-0.5076007508124378,2.9518308678248495,True
CMTR2,NEUTRAL,0.05607599954350305,0.13750352374993502,0.08090056645430363,0.21840409020423865,0.03273143427915991,0.03273143427916022,False
MKKS,DSG,0.07993877286530733,1.1699250014423124,0.11532727118752813,1.2852522726298405,1.1055566939530572,0.0671581390123834,False
CPA3,DSG,0.06426759965963276,1.2705289423807182,0.09271854731878941,1.3632474896995077,1.1782309870740382,0.044549415143644557,False
NPRL2,NEUTRAL,0.03282293891212992,0.13750352374993502,0.047353491195931234,0.18485701494586626,-0.0008156409792138608,-0.0008156409792138608,False
LINC01963,NEUTRAL,-0.03267367141213555,0.13750352374993502,-0.04713814371392345,0.09036538003601158,-0.09530727588906827,-0.09530727588906827,False
ZNF571,DSG,0.08286244634555522,1.3785116232537298,0.11954524041866033,1.49805686367239,1.3116829612120615,0.07137610824351427,False
ZNF835,DIG,0.6560514625177318,0.6205864104518776,0.9464821915422834,1.567068601994161,1.3830994156485605,0.8983130593671375,True
ZDHHC4,DIG,1.6716161178501097,0.49825086752782544,2.4116322834924144,2.9098831510202396,2.7335636906940977,2.3634631513172693,True
EVC,NEUTRAL,0.017300557107415418,0.13750352374993502,0.024959427943484533,0.16246295169341957,-0.023209704231660952,-0.023209704231661115,False
CREBBP,DSG,0.03156562458374198,1.0959244199985356,0.04553957004952731,1.141463990048063,0.9596086776505353,-0.0026295621256190397,False
PPIAP29,DIG,1.4796736400645027,0.53605290024021,2.1347178226551793,2.6707707228953894,2.4794914612481116,2.0865486904800328,True
TOM1L1,DSG,0.002969671757873935,-0.7369655941662062,0.004284330718152737,-0.7326812634480535,-0.9183539193731329,-0.04388480145699201,False
SLC25A1P1,NEUTRAL,-0.03172785436553009,0.13750352374993502,-0.045773618151197515,0.0917299055987375,-0.09394275032634239,-0.09394275032634272,False
BRAT1,DIG,1.074094541855821,0.5109619192773794,1.549590868981296,2.0605527882586756,1.8808231733295604,1.5014217368061502,True
KCNB1,DCG,-0.820855883931503,1.3785116232537298,-1.184244713032506,0.19426691022122378,0.006564746051955868,-1.2324138452076525,True
MPND,NEUTRAL,0.036098913632784835,0.13750352374993502,0.05207972367949768,0.1895832474294327,0.003910591504352151,0.003910591504352471,False
MIR5006,NEUTRAL,-0.05427309009457053,0.13750352374993502,-0.07829951793315683,0.05920400581677819,-0.1264686501083009,-0.12646865010830144,False
SLC38A1,DIG,1.7094252239909262,0.5484366246960424,2.466179293422215,3.014615918118257,2.822704982761949,2.418010161247071,True
TCTA,NEUTRAL,0.05176635567349422,0.13750352374993502,0.07468306461504437,0.2121865883649794,0.026513932439900245,0.026513932439900245,False
TMPO-AS1,NEUTRAL,0.06397089484852095,0.13750352374993502,0.09229049275919052,0.22979401650912554,0.04412136058404697,0.04412136058404697,False
LINC01473,NEUTRAL,0.012648292073461903,0.13750352374993502,0.018247628250098673,0.1557511520000337,-0.029921503925044623,-0.029921503925044786,False
NOP10,NEUTRAL,-0.052818439904318844,0.13750352374993502,-0.07620090131745254,0.06130262243248248,-0.1243700334925982,-0.1243700334925982,False
RPS3AP38,NEUTRAL,0.02164728981618887,0.13750352374993502,0.031230437666501843,0.16873396141643687,-0.016938694508643572,-0.01693869450864341,False
PRSS51,NEUTRAL,-0.06325400309411908,0.13750352374993502,-0.09125623658026075,0.04624728716967427,-0.13942536875540593,-0.13942536875540593,False
BNC2,DIG,0.5793497710696711,0.4195388915137848,0.8358250416623708,1.2553639331761557,1.0615237552211712,0.7876559094872245,True
ARID5B,DIG,0.9619111436481512,0.3923174227787603,1.387744436717019,1.7800618594957793,1.589154221807068,1.339575304541874,True
ZNF887P,DIG,-1.4931899607678039,0.560714954474479,-2.1542177515048966,-1.5935027970304176,-1.7932259581941814,-2.202386883680041,True
KDM4A,DIG,-0.6125750490809876,0.4854268271702419,-0.8837589854814543,-0.3983321583112124,-0.567018795035875,-0.9319281176566007,True
LAT2,DIG,1.6898875295915694,0.5484366246960424,2.437992358601859,2.986428983297901,2.8011480924240852,2.3898232264267123,True
JAKMIP2,NEUTRAL,-0.054265719443278126,0.13750352374993502,-0.07828888433108916,0.05921463941884586,-0.12645801650623292,-0.12645801650623292,False
RAB11FIP5,DIG,1.6262474504805464,0.4724877714627438,2.3461791320666046,2.8186669035293486,2.636120346694407,2.298009999891458,True
TAS2R3,DIG,-1.6933675240433002,0.523561956057013,-2.443012929339692,-1.9194509732826788,-2.0975671454683615,-2.4911820615148206,True
ALG1L9P,DIG,1.0497782066376173,0.4195388915137848,1.5145098127494,1.9340487042631849,1.751661478627168,1.4663406805742538,True
RTL6,NEUTRAL,-0.009586631196062793,0.13750352374993502,-0.013830585285391224,0.1236729384645438,-0.06199971746053665,-0.06199971746053649,False
DCAF4L1,NEUTRAL,-0.010053863218705843,0.13750352374993502,-0.014504658607402871,0.12299886514253215,-0.06267379078254798,-0.06267379078254798,False
MZB1,NEUTRAL,0.00894836998387487,0.13750352374993502,0.012909768999775929,0.15041329274971094,-0.03525936317536941,-0.035259363175368916,False
RPS27A,DIG,-1.0721135714054952,0.4462562298895641,-1.5467329327364636,-1.1004767028468996,-1.2762474567468467,-1.5949020649116097,True
ZNF69,DIG,-0.9279883796715074,0.560714954474479,-1.3388042333546684,-0.7780892788801893,-0.9770232210493524,-1.3869733655298147,True
UGT1A7,NEUTRAL,-0.05560113368810166,0.13750352374993502,-0.08021547983962855,0.057288043910306466,-0.12838461201477339,-0.12838461201477372,False
NPAT,NEUTRAL,0.0231219848323752,0.13750352374993502,0.033357972853177535,0.17086149660311256,-0.014811159321967388,-0.014811159321966902,False
LHX4,DCG,2.0794415416798357,-3.321928094887362,3.0,-0.3219280948873622,-0.5076007508124419,2.9518308678248553,True
APEH,NEUTRAL,-0.04811836217444221,0.13750352374993502,-0.06942012248476685,0.06808340126516817,-0.11758925465991193,-0.11758925465991175,False
CC2D1B,NEUTRAL,-0.026823382373905046,0.13750352374993502,-0.03869796073070124,0.09880556301923378,-0.0868670929058465,-0.08686709290584634,False
STRADBP1,DIG,-0.6327735895109886,0.4854268271702419,-0.9128993195930118,-0.42747249242276997,-0.6126647203083607,-0.9610684517681549,True
DPM3,DCG,-0.9087286970038059,1.3785116232537298,-1.3110183846808803,0.0674932385728495,-0.1224811900223938,-1.3591875168560257,True
EOGT,NEUTRAL,-0.020771992407902846,0.13750352374993502,-0.029967650436264637,0.10753587331367039,-0.07813678261141017,-0.07813678261141001,False
NFKBIA,DIG,0.958741570602498,0.4195388915137848,1.38317170940232,1.8027106009161047,1.610199235646593,1.3350025772271747,True
CFDP1,NEUTRAL,0.02462604169509725,0.13750352374993502,0.03552786823024164,0.17303139198017667,-0.012641263944904082,-0.01264126394490376,False
CYP26B1,DIG,1.1819746567198681,0.523561956057013,1.7052289757061887,2.2287909317632018,2.053860946062003,1.6570598435310424,True
DNAJC5G,DIG,1.4999692349092355,0.4462562298895641,2.163998176689567,2.610254406579131,2.418897348212801,2.1158290445144186,True
VAMP3,NEUTRAL,0.03318938943958171,0.13750352374993502,0.04788216755461707,0.1853856913045521,-0.0002869646205284744,-0.0002869646205284744,False
AKAP3,DSG,0.027267672302041905,-0.7369655941662062,0.039338935606741204,-0.697626658559465,-0.8832993144845458,-0.008830196568404556,False
SLC7A11-AS1,NEUTRAL,-0.04187107776603506,0.13750352374993502,-0.060407196249734924,0.0770963275002001,-0.10857632842487919,-0.10857632842487953,False
GMNN,DIG,1.5032990613762631,0.53605290024021,2.1688021008205682,2.7048550010607784,2.5159775988446405,2.1206329686454213,True
DBT,NEUTRAL,0.0038619166121431933,0.13750352374993502,0.0055715679446656915,0.1430750916946007,-0.0425975642304793,-0.04259756423047881,False
ZNF112,DIG,1.6987396726019934,0.49825086752782544,2.4507633014242374,2.949014168952063,2.7560170353160838,2.4025941692490913,True
PTPRN2,DIG,-1.237945856890956,0.4724877714627438,-1.7859783486256209,-1.313490577162877,-1.4954067742832042,-1.8341474808007672,True
SPRING1,NEUTRAL,-0.05194508638688154,0.13750352374993502,-0.0749409185289028,0.06256260522103221,-0.12311005070404779,-0.12311005070404726,False
GRSF1,DIG,0.6092517973516979,0.5109619192773794,0.8789645466919822,1.3899264659693618,1.2124351127143964,0.8307954145168363,True
FGF1,NEUTRAL,0.0341305260686478,0.13750352374993502,0.049239940702169666,0.18674346445210468,0.0010708085270245459,0.001070808527024866,False
SLC35F3,DCG,-0.7788648158504987,1.3074285251922473,-1.1236644073504103,0.183764117841837,-0.0010979472292873326,-1.1718335395255555,True
LRRN2,DCG,-0.8815784577711021,1.3074285251922473,-1.2718488691809096,0.035579656011337724,-0.1437537742822857,-1.3200180013560552,True
CLCN1,DIG,1.31154607891698,0.4854268271702419,1.8921610239508921,2.377587851121134,2.194643286441398,1.8439918917757463,True
TEKT1,NEUTRAL,-0.0053812516185906215,0.13750352374993502,-0.007763505023916398,0.12974001872601862,-0.05593263719906126,-0.055932637199061594,False
RAB5C,NEUTRAL,0.0049872793948102425,0.13750352374993502,0.007195123250420448,0.14469864700035548,-0.04097400892472591,-0.04097400892472559,False
SNORD118,NEUTRAL,-0.01996340000103444,0.13750352374993502,-0.028801098180775114,0.1087024255691599,-0.07697023035591995,-0.0769702303559203,False
SPCS3-AS1,NEUTRAL,0.0221696840798863,0.13750352374993502,0.03198409328012697,0.169487617030062,-0.01618503889501838,-0.016185038895018218,False
UNC5D,DIG,-1.5623668238487305,0.49825086752782544,-2.2540188688160043,-1.755768001288179,-1.9243476536969104,-2.3021880009911455,True
EXOSC8,NEUTRAL,-0.03953952043373172,0.13750352374993502,-0.057043470048872585,0.08046005370106243,-0.10521260222401661,-0.10521260222401661,False
MIR378D2HG,DCG,-0.996142868802217,1.3362833878644325,-1.4371303768378638,-0.10084698897343136,-0.2860287185962953,-1.4852995090130012,True
PGR-AS1,NEUTRAL,0.0312620685810192,0.13750352374993502,0.045101631309767076,0.1826051550597021,-0.00306750086537705,-0.003067500865376729,False
LPAR6,NEUTRAL,-0.007437240083033559,0.13750352374993502,-0.010729669385693138,0.12677385436424188,-0.0588988015608381,-0.0588988015608381,False
ATP5PD,DSG,0.06965311659922604,1.4329594072761063,0.10048820590016415,1.5334476131762704,1.3487850203918896,0.05231907372501966,False
TRIT1,NEUTRAL,-0.009024761029500516,0.13750352374993502,-0.01301997798246837,0.12448354576746665,-0.06118911015761409,-0.06118911015761375,False
DPY19L1P1,DSG,-0.044391984696285226,1.3854310371935206,-0.06404409617654945,1.3213869410169712,1.1355652894020811,-0.11221322835169396,False
HSPE1P26,NEUTRAL,-0.043202971113119416,0.13750352374993502,-0.06232871217656652,0.0751748115733685,-0.11049784435171114,-0.11049784435171166,False
EIF4ENIF1,NEUTRAL,0.029973346038068973,0.13750352374993502,0.04324239768797097,0.180745921437906,-0.004926734487173652,-0.00492673448717317,False
CAPN14,DIG,0.592983006297923,0.5109619192773794,0.8554936425174424,1.366455561794822,1.1799878047096222,0.8073245103422978,True
ARFGEF2,DCG,-0.8944226764723435,1.1937717433966801,-1.2903791598052838,-0.09660741640860371,-0.27866509851501237,-1.3385482919804292,True
MASP1,DSG,0.07101765047437945,1.4659744645040693,0.10245681215497299,1.5684312766590423,1.3828275422260676,0.05428767997982722,False
TBCA,NEUTRAL,-0.018342430071624918,0.13750352374993502,-0.02646253290218586,0.11104099084774915,-0.07463166507733088,-0.07463166507733088,False
SYTL3,NEUTRAL,-0.04166928664996971,0.13750352374993502,-0.06011607320729199,0.07738745054264304,-0.10828520538243747,-0.10828520538243765,False
ALOX12,NEUTRAL,0.01800908541604204,0.13750352374993502,0.025981618220669606,0.16348514197060462,-0.02218751395447588,-0.022187513954475716,False
DENND4A,NEUTRAL,0.028364192299344237,0.13750352374993502,0.040920879569084856,0.17842440331901988,-0.0072482526060597754,-0.007248252606060098,False
RPS6KA2,NEUTRAL,-0.019865958490082467,0.13750352374993502,-0.028660519796147976,0.10884300395378704,-0.07682965197129372,-0.07682965197129339,False
TPM1,NEUTRAL,-0.039370324499616645,0.13750352374993502,-0.056799371913786194,0.08070415183614882,-0.10496850408893017,-0.10496850408893017,False
UNC13C,NEUTRAL,-0.019103868484698614,0.13750352374993502,-0.02756105632466965,0.10994246742526537,-0.07573018849981476,-0.07573018849981494,False
FBXO38,NEUTRAL,-0.035523020813163546,0.13750352374993502,-0.05124888596454648,0.08625463778538854,-0.09941801813969187,-0.09941801813969187,False
GAPDHP16,DIG,1.083709309108063,0.523561956057013,1.5634620460154072,2.08702400207242,1.8962495039356353,1.5152929138402573,True
PPM1L,DSG,-0.046877076786153174,-0.7369655941662062,-0.06762932621075433,-0.8045949203769606,-0.9902675763020402,-0.11579845838589949,False
CERNA1,NEUTRAL,-0.045692033875016726,0.13750352374993502,-0.06591967067961715,0.07158385307031787,-0.11408880285476264,-0.11408880285476282,False
TRAF1,NEUTRAL,0.0010823842443903337,0.13750352374993502,0.0015615503817182823,0.1390650741316533,-0.04660758179342533,-0.04660758179342533,False
CTNNB1,NEUTRAL,0.003051608142535783,0.13750352374993502,0.0044025399339727555,0.14190606368390776,-0.0437665922411715,-0.043766592241171,False
DOCK4,DIG,-1.369682213013423,0.4724877714627438,-1.976033736308286,-1.5035459648455423,-1.6895543967629068,-2.024202868483432,True
ZNF723,DIG,-1.3788125429636318,0.5484366246960424,-1.9892060180491324,-1.44076939335309,-1.625814836484565,-2.037375150224265,True
LSM6,NEUTRAL,-0.01631477225431744,0.13750352374993502,-0.023537241024536627,0.1139662827253984,-0.07170637319968078,-0.07170637319968078,False
PELO,DIG,1.1838062153566176,0.45943161863729726,1.7078713562685244,2.1673029749058217,1.9807370260921766,1.6597022240933768,True
HMBOX1,NEUTRAL,0.016802818936144392,0.13750352374993502,0.024241343552130683,0.1617448673020657,-0.023927788623014704,-0.023927788623014704,False
ADAMTSL5,NEUTRAL,0.009793705954411664,0.13750352374993502,0.014129331012354421,0.15163285476228944,-0.03403980116279046,-0.03403980116279062,False
MIR4653,DIG,1.3162996494861132,0.632268215499513,1.8990189766374963,2.5312871921370093,2.349918459797503,1.8508498444623498,True
TIMM17BP1,DIG,1.3075825939780261,0.5969351423872323,1.8864429238848253,2.4833780662720577,2.2986971811048633,1.8382737917096754,True
LRRC52,DCG,0.8752827962210578,-0.7369655941662062,1.2627661494835452,0.5258005553173389,0.3401278993922587,1.2145970173083984,True
RPS8P3,NEUTRAL,0.02456716589786039,0.13750352374993502,0.035442928409539644,0.17294645215947466,-0.012726203765605274,-0.012726203765605758,False
COX6C,DCG,-1.0482670745284226,1.4195388915137848,-1.512329709949337,-0.09279081843555215,-0.27915817395737286,-1.5604988421244836,True
SDR9C7,DIG,0.8197735896267164,0.4329594072761063,1.182683292406208,1.6156426996823143,1.4222361585127339,1.1345141602310627,True
CATSPER3,NEUTRAL,-0.06869487715062547,0.13750352374993502,-0.09910575859968393,0.03839776515025109,-0.1472748907748282,-0.147274890774828,False
H2AC12,DIG,-0.6260163864462546,0.6205864104518776,-0.9031507362412403,-0.28256432578936275,-0.4682973300146953,-0.9513198684163836,True
RPLP0,NEUTRAL,-0.03050275627114646,0.13750352374993502,-0.044006175205827724,0.0934973485441073,-0.09217530738097399,-0.09217530738097399,False
KIAA1958,NEUTRAL,-0.014849435496349869,0.13750352374993502,-0.0214232069505845,0.11608031679935052,-0.06959233912572961,-0.06959233912572978,False
PIK3CD-AS1,NEUTRAL,-0.03527238490298422,0.13750352374993502,-0.05088729477986207,0.08661622897007296,-0.09905642695500642,-0.09905642695500659,False
MIR4741,NEUTRAL,0.0514875234897269,0.13750352374993502,0.07428079480628301,0.21178431855621804,0.026111662631138087,0.026111662631138403,False
PTPN9,NEUTRAL,0.0070987417192900195,0.13750352374993502,0.010241319474971306,0.14774484322490633,-0.03792781270017411,-0.03792781270017411,False
LINC00641,NEUTRAL,-0.037889812423753305,0.13750352374993502,-0.05466344448396193,0.08284007926597309,-0.10283257665910674,-0.10283257665910604,False
PDK1,NEUTRAL,-0.013727165980165894,0.13750352374993502,-0.019804114285045023,0.11769940946488999,-0.06797324646018982,-0.06797324646018982,False
TAF4,DCG,-0.9030069442308697,1.371558862611963,-1.3027636403301726,0.06879522228179047,-0.11376583251683957,-1.3509327725053173,True
ABI2,NEUTRAL,0.019182554050435396,0.13750352374993502,0.027674575600147647,0.16517809935008265,-0.020494556574998078,-0.02049455657499824,False
QDPR,NEUTRAL,0.020522679348229527,0.13750352374993502,0.029607967721445083,0.1671114914713801,-0.01856116445370071,-0.018561164453700388,False
ZNF117,DSG,0.025872959780890856,1.145677455195635,0.03732679076901084,1.183004245964646,0.9969540491903109,-0.010842341406134588,False
AK3P2,DCG,-0.8072385237445163,1.1937717433966801,-1.1645990150207415,0.02917272837593865,-0.15720397951404916,-1.2127681471958793,True
NUS1,DIG,-1.5918816768085606,0.37851162325372983,-2.296599800813718,-1.9180881775599883,-2.1164232420829134,-2.3447689329888632,True
ZFP91,DIG,1.1871074392498377,0.4462562298895641,1.7126340156081374,2.1588902454977017,1.9815470899640792,1.664464883432991,True
ZSCAN20,NEUTRAL,-0.041440531632948995,0.13750352374993502,-0.05978604947865773,0.07771747427127729,-0.10795518165380237,-0.10795518165380255,False
MARCHF7,NEUTRAL,0.030336827845297256,0.13750352374993502,0.04376679108871257,0.18127031483864758,-0.004402341086433182,-0.004402341086433343,False
BMPR1AP1,DIG,0.6740159316087768,0.4329594072761063,0.972399442012137,1.4053588492882434,1.212505637785417,0.9242303098369905,True
CEP170P1,NEUTRAL,-0.01851141017088417,0.13750352374993502,-0.02670631965339611,0.11079720409653891,-0.0748754518285409,-0.0748754518285409,False
MOB4P1,DIG,1.153818276375657,0.4195388915137848,1.6646079054142118,2.0841467969279965,1.9052510700970826,1.6164387732390646,True
SDHDP2,DIG,-1.4396394916303754,0.5969351423872323,-2.076960755243051,-1.4800256128558185,-1.654519814761254,-2.1251298874181956,True
TFAP2E,NEUTRAL,0.005089624357118634,0.13750352374993502,0.0073427758200027326,0.14484629956993775,-0.04082635635514188,-0.040826356355141556,False
HPSE2,NEUTRAL,0.05580946949295248,0.13750352374993502,0.08051604487212644,0.21801956862206145,0.03234691269698241,0.032346912696982096,False
H1-10-AS1,DIG,-0.6246498371919663,0.53605290024021,-0.9011792224089482,-0.3651263221687382,-0.5542465726981031,-0.9493483545840959,True
LINC02412,DIG,1.0650329588054928,0.4724877714627438,1.5365177680519841,2.009005539514728,1.8295142986528607,1.4883486358768359,True
CCDC110,NEUTRAL,0.02205006737405245,0.13750352374993502,0.031811522851813,0.169315046601748,-0.01635760932333089,-0.01635760932333089,False
ITPR2,DSG,-0.012404930844595931,1.3001237245690138,-0.01789653221206909,1.2822271923569448,1.0962433287126556,-0.06606566438721459,False
SLC26A5,DIG,-0.8142290868116845,0.5109619192773794,-1.1746842656907666,-0.6637223464133871,-0.8420001659789811,-1.2228533978659117,True
LEAP2,NEUTRAL,-0.03622672439791296,0.13750352374993502,-0.05226411563652025,0.08523940811341477,-0.10043324781166563,-0.10043324781166563,False
LINC01215,DIG,-1.2552143580342718,0.4195388915137848,-1.8108915295886678,-1.391352638074883,-1.5673137727394684,-1.85906066176381,True
MIR6831,NEUTRAL,0.04415475052438303,0.13750352374993502,0.06370183961321675,0.20120536336315176,0.015532707438071931,0.015532707438071615,False
MEST,DIG,1.5399637051692168,0.560714954474479,2.2216980005966227,2.7824129550711016,2.600592732819151,2.173528868421477,True
CLCF1,DSG,0.16054548141740485,1.4789718050329426,0.2316181698780212,1.7105899749109637,1.5156673662413813,0.18344903770287507,False
RRAGA,NEUTRAL,0.02254298953587788,0.13750352374993502,0.032522659210222814,0.17002618296015784,-0.015646472964920454,-0.015646472964920777,False
LINC00702,DSG,0.019377321914826495,-0.7369655941662062,0.02795556623222922,-0.709010027933977,-0.8946826838590581,-0.02021356594291687,False
ACTN2,DCG,-0.8970306600236281,1.3146965256562866,-1.294141684741442,0.020554840914844608,-0.15977463057237168,-1.3423108169165865,True
BTG3,DIG,1.112075184326937,0.5728896684205812,1.604385353524152,2.177275021944733,1.979912027648451,1.5562162213490054,True
DLG1,DSG,-0.02824038602728359,1.070389327891398,-0.040742264874352015,1.029647063017046,0.8462128624201528,-0.08891139704949734,False
WDR54,DIG,1.1939444984115235,0.3923174227787603,1.722497806954966,2.1148152297337264,1.9325349257040518,1.6743286747798205,True
LYPLAL1-DT,DCG,0.9367188531180319,-0.7369655941662062,1.351399644100582,0.6144340499343758,0.4287613940092955,1.3032305119254368,True
ZNF800,DIG,-0.9210242674972563,0.4724877714627438,-1.3287571432566818,-0.856269371793938,-1.0366558811648092,-1.3769262754318268,True
PRMT5-AS1,DIG,1.0418057491375796,0.405992359675837,1.5030079878503977,1.9090003475262347,1.709871967936449,1.4548388556752507,True
LINC01068,NEUTRAL,-0.035749613631409445,0.13750352374993502,-0.051575790299730896,0.08592773345020413,-0.09974492247487554,-0.09974492247487554,False
GAU1,DSG,-0.043677060618985,1.2927817492278462,-0.0630126787556163,1.22976907047223,1.046569564016492,-0.11118181093076053,False
CRK,NEUTRAL,-0.02167978466443895,0.13750352374993502,-0.03127731782292667,0.10622620592700835,-0.07944644999807156,-0.07944644999807172,False
LAMC3,NEUTRAL,-0.02163569946479312,0.13750352374993502,-0.03121371632402103,0.10628980742591398,-0.07938284849916659,-0.07938284849916659,False
TIGD5,DCG,-0.9285791602518318,1.3575520046180838,-1.3396565495681558,0.017895455049927955,-0.17140919971042073,-1.387825681743302,True
TCTN1,NEUTRAL,-0.013372335003546131,0.13750352374993502,-0.019292201394721903,0.11821132235521312,-0.06746133356986535,-0.06746133356986551,False
NAF1,NEUTRAL,0.07164315038106672,0.13750352374993502,0.10335921776842721,0.24086274151836223,0.05519008559328382,0.055190085593283505,False
NPTX1,DSG,0.047011755133686814,1.4594316186372973,0.06782362599485624,1.5272552446321535,1.3435127368290505,0.01965449381970985,False
THORLNC,NEUTRAL,-0.03569092503085404,0.13750352374993502,-0.051491120546752894,0.08601240320318213,-0.09966025272189863,-0.0996602527218983,False
FLNC-AS1,DIG,1.416990176340778,0.3923174227787603,2.044284700395218,2.4366021231739783,2.264454443258513,1.9961155682200742,True
GPR12,NEUTRAL,0.0026666782817753765,0.13750352374993502,0.003847203532763638,0.14135072728269865,-0.0443219286423816,-0.04432192864238128,False
CDK4,DIG,-1.2943112966866395,0.5109619192773794,-1.8672964890963786,-1.356334569818999,-1.5458967428076573,-1.915465621271526,True
CXXC4,NEUTRAL,-0.024388537061840476,0.13750352374993502,-0.035185221473653945,0.10231830227628108,-0.08335435364879842,-0.08335435364879876,False
DRD4,NEUTRAL,0.002721008269655352,0.13750352374993502,0.0039255851368496355,0.14142910888678464,-0.044243547038296444,-0.044243547038296444,False
TRAPPC12,DIG,-1.328901577309748,0.3923174227787603,-1.9171997154142948,-1.5248822926355345,-1.7043241856431564,-1.9653688475894413,True
ATP13A3,DSG,-0.050504708798401056,1.3785116232537298,-0.0728628929249944,1.3056487303287354,1.1235983682857587,-0.1210320251001406,False
MYOT,NEUTRAL,0.02330521440595427,0.13750352374993502,0.03362231725032426,0.1711258410002593,-0.014546814924819748,-0.01454681492481991,False
LINC00365,NEUTRAL,-0.05090138452151575,0.13750352374993502,-0.07343517502357301,0.06406834872636201,-0.12160430719871759,-0.12160430719871759,False
PDE1B,DIG,-1.5253108436991785,0.405992359675837,-2.2005583900189656,-1.7945660303431286,-1.9915992471732673,-2.2487275221941125,True
LINC01489,DIG,1.3909905108006646,0.608809242675524,2.006775111855725,2.615584354531249,2.4289876538505264,1.9586059796805795,True
COX7A2,DIG,1.0282926423674739,0.4724877714627438,1.483512695726163,1.9560004671889069,1.7660248529348284,1.4353435635510163,True
CLIC6,DIG,1.4025111902787775,0.5728896684205812,2.0233959390064697,2.596285607427051,2.417774756301894,1.9752268068313241,True
RPS3AP20,NEUTRAL,-0.011377493102830889,0.13750352374993502,-0.01641425287720251,0.12108927087273251,-0.06458338505234774,-0.06458338505234724,False
HOXA9,DSG,0.07507211317653119,1.1127001327493624,0.10830616538883656,1.221006298138199,1.0279315834453788,0.06013703321369143,False
DSE,DIG,-1.3103270355023935,0.4854268271702419,-1.8904023160620398,-1.404975488891798,-1.601560024486693,-1.9385714482371847,True
EPB41L4B,NEUTRAL,0.01856916037070813,0.13750352374993502,0.026789635580292483,0.1642931593302275,-0.02137949659485212,-0.02137949659485261,False
OPTC,DCG,-0.7771262050302175,1.1538053360790355,-1.1211561221419546,0.03264921393708087,-0.1474348904584758,-1.1693252543170902,True
HS3ST5,DIG,1.3748444450246609,0.4724877714627438,1.9834812628308174,2.4559690342935614,2.269815960653488,1.9353121306556726,True
RNF43,DSG,-0.03755376130638889,1.2172307162206693,-0.054178625203455094,1.1630520910172142,0.9770638730375837,-0.10234775737860174,False
RPS25P3,DIG,1.4640324137992133,0.3645724322958561,2.112152303088824,2.47672473538468,2.2925829733324403,2.0639831709136742,True
LINC00431,NEUTRAL,-0.05469343413905489,0.13750352374993502,-0.07890594620160163,0.05859757754833339,-0.12707507837674786,-0.12707507837674734,False
NAB1,NEUTRAL,0.0003465036826385439,0.13750352374993502,0.0004998991445923905,0.1380034228945274,-0.047669233030551726,-0.047669233030551726,False
GACAT3,DIG,-0.6319227059374144,0.4854268271702419,-0.9116717540810425,-0.4262449269108006,-0.6064493321920608,-0.9598408862561831,True
MRPL1,NEUTRAL,-0.015041228990772938,0.13750352374993502,-0.021699906473863426,0.1158036172760716,-0.0698690386490087,-0.0698690386490087,False
MYOSLID,NEUTRAL,-0.007831758129579734,0.13750352374993502,-0.011298838614986505,0.1262046851349485,-0.05946797079013171,-0.05946797079013188,False
EXOC4,DIG,1.6255871837815548,0.560714954474479,2.3452265685743052,2.905941523048784,2.726282849320841,2.2970574363991583,True
BCAR3-AS1,NEUTRAL,-0.006316995653909777,0.13750352374993502,-0.00911349830321277,0.12839002544672226,-0.05728263047835762,-0.05728263047835745,False
NUDT5,DSG,-0.16840643713619197,1.1375035237499351,-0.24295913171016312,0.894544392039772,0.7049654063112386,-0.291128263885308,False
MIR3936,NEUTRAL,0.02745494851747621,0.13750352374993502,0.03960911807402473,0.17711264182395975,-0.008560014101119336,-0.008560014101119659,False
POT1,DIG,-1.4294600124294985,0.3645724322958561,-2.0622748710811134,-1.6977024387852573,-1.8766922453192967,-2.1104440032562586,True
UBE2D3,NEUTRAL,-0.011899588873111443,0.13750352374993502,-0.01716747785585537,0.12033604589407965,-0.06533661003100073,-0.0653366100310009,False
CAMK2N1,NEUTRAL,-0.005121922926495352,0.13750352374993502,-0.0073893728058703305,0.1301141509440647,-0.05555850498101464,-0.05555850498101514,False
CRCT1,DCG,0.8373678496402116,-0.7369655941662062,1.2080664440757884,0.47110084990958223,0.2854281939845031,1.159897311900644,True
LINC02723,DIG,0.6185703472748595,0.49825086752782544,0.8924083724544037,1.390659239982229,1.218337170677776,0.8442392402792561,True
ENPP6,NEUTRAL,0.04814602464261163,0.13750352374993502,0.06946003099041363,0.20696355474034867,0.021290898815270166,0.021290898815270166,False
HOPX,NEUTRAL,0.0033276318523529033,0.13750352374993502,0.004800757971293689,0.14230428172122872,-0.043368374203852034,-0.04336837420385187,False
DENND3,DCG,-0.9662190062663014,1.3291235962915664,-1.3939593687530554,-0.06483577246148897,-0.24727670848717329,-1.4421285009282014,True
SCARNA6,NEUTRAL,-0.031156979798259828,0.13750352374993502,-0.04495002024402707,0.09255350350590795,-0.09311915241917144,-0.09311915241917161,False
SNORD63B,NEUTRAL,0.06367801465033933,0.13750352374993502,0.09186795594969932,0.22937147969963434,0.04369882377455389,0.04369882377455389,False
LYPLA1P3,DIG,-1.0890642584499544,0.53605290024021,-1.5711876048751656,-1.0351347046349555,-1.2156875739130386,-1.61935673705031,True
MECR,NEUTRAL,-0.025975192368046598,0.13750352374993502,-0.03747428121551768,0.10002924253441733,-0.08564341339066146,-0.0856434133906613,False
SCYL3,DCG,-0.8456049928342501,1.0959244199985356,-1.21995012971292,-0.12402570971438442,-0.3017751429532154,-1.2681192618880655,True
DNMT3B,DSG,0.0320137643279526,1.1618876823768942,0.04618609903612522,1.2080737814130194,1.0174162829999587,-0.001983033139019658,False
ELAVL2,NEUTRAL,0.000983115490816901,0.13750352374993502,0.0014183358432226622,0.13892185959315767,-0.04675079633192265,-0.04675079633192265,False
NHEJ1,NEUTRAL,0.0013786279804167392,0.13750352374993502,0.001988939750577997,0.139492463500513,-0.046180192424566835,-0.046180192424566675,False
TUBB6,NEUTRAL,0.033015370606218744,0.13750352374993502,0.04763111144670303,0.18513463519663806,-0.0005380207284420064,-0.000538020728442487,False
TSLP,NEUTRAL,-0.06456967099204752,0.13750352374993502,-0.09315434413205892,0.0443491796178761,-0.14132347630720474,-0.14132347630720474,False
MPI,NEUTRAL,0.020152491709657428,0.13750352374993502,0.02907389985107872,0.16657742360101374,-0.01909523232406583,-0.019095232324065993,False
KPTN,DIG,0.6985287948426429,0.5109619192773794,1.007764028237625,1.5187259475150046,1.3218108649245917,0.9595948960624792,True
IQCD,NEUTRAL,-0.03686986540015517,0.13750352374993502,-0.05319197197104744,0.08431155177888758,-0.10136110414619086,-0.1013611041461912,False
TRAIP,NEUTRAL,0.10970130987253013,0.13750352374993502,0.1582655357321227,0.29576905948205773,0.1100964035569788,0.1100964035569788,False
OSTCP6,DIG,-1.6789893406464707,0.49825086752782544,-2.4222695954560938,-1.9240187279282683,-2.12166203960549,-2.4704387276312354,True
PCDHB1,NEUTRAL,0.02459921165021561,0.13750352374993502,0.035489160657544074,0.17299268440747909,-0.01267997151760044,-0.012679971517600601,False
PRMT5,DIG,1.395403319240061,0.523561956057013,2.013141448707635,2.536703404764648,2.341022489534706,1.9649723165324877,True
LLPH-DT,DIG,-1.0522911809783864,0.5849625007211562,-1.5181352683687086,-0.9331727676475524,-1.10983969271052,-1.566304400543851,True
PCBP2,DIG,0.9536481706664065,0.45943161863729726,1.3758234865732566,1.835255105210554,1.635209018158804,1.3276543543981105,True
AIMP1,NEUTRAL,0.02626307365544114,0.13750352374993502,0.037889606121206516,0.17539312987114153,-0.010279526053938547,-0.010279526053938547,False
MCM4,DCG,-0.9201574165849583,1.2779847472997656,-1.3275065417443195,-0.049521794444553846,-0.23931274925641932,-1.3756756739194647,True
CRELD1,DIG,-0.8588632179491359,0.30742852519224734,-1.2390777053371553,-0.931649180144908,-1.1166805080394848,-1.2872468375123003,True
SVOPL,DIG,1.0342304585186601,0.560714954474479,1.49207915364119,2.052794108115669,1.8619432937140916,1.4439100214660434,True
MOB3C,NEUTRAL,0.048618708095200726,0.13750352374993502,0.0701419690633742,0.2076454928133092,0.02197283688823052,0.021972836888230204,False
SERPINA1,NEUTRAL,0.008727050674870014,0.13750352374993502,0.01259047273022165,0.15009399648015667,-0.03557865944492174,-0.035578659444921897,False
OTULINL,DSG,-0.08879670655405959,1.2854022188622483,-0.1281065681928143,1.1572956506694339,0.9626242297895344,-0.1762757003679601,False
NUDT12,NEUTRAL,-0.06977335831792815,0.13750352374993502,-0.10066167803144364,0.036841845718491376,-0.1488308102065883,-0.14883081020658812,False
ZNF500,DCG,-0.9373663484791633,1.3146965256562866,-1.352333782447085,-0.037637256790798324,-0.22062287960715646,-1.4005029146222296,True
FOXJ2,DIG,-0.575267985259374,0.5849625007211562,-0.8299362695158841,-0.24497376879472788,-0.41880040211036745,-0.8781054016910318,True
SNRK,NEUTRAL,0.06317654474955076,0.13750352374993502,0.09114448781067655,0.22864801156061157,0.042975355635531405,0.042975355635531405,False
RNF186,NEUTRAL,-0.005053526842229422,0.13750352374993502,-0.00729069811428365,0.13021282563565137,-0.05545983028942831,-0.05545983028942831,False
CYRIB,DCG,-0.7070726788534869,1.1779177921958432,-1.0200902473300002,0.15782754486584305,-0.0185335015524337,-1.0682593795051463,True
RHOQ-AS1,DIG,0.7487295897170668,0.405992359675837,1.0801884660516405,1.4861808257274776,1.2996450969015358,1.0320193338764954,True
RPL11P1,DIG,-1.3724855247794476,0.560714954474479,-1.9800780602911958,-1.4193631058167169,-1.6022518360819986,-2.028247192466322,True
ADGRE3,DIG,-1.000896308528032,0.4462562298895641,-1.4439881407574617,-0.9977319108678977,-1.197791129922704,-1.492157272932602,True
MRPS31P4,NEUTRAL,-0.028566207533169036,0.13750352374993502,-0.04121232594510792,0.0962911978048271,-0.0893814581202523,-0.08938145812025282,False
MAB21L1,NEUTRAL,0.057039292311214546,0.13750352374993502,0.08229030415320521,0.21979382790314023,0.03412117197806111,0.034121171978060486,False
CNOT4,DIG,-0.874968837922147,0.5109619192773794,-1.2623132034026607,-0.7513512841252813,-0.9270367848073836,-1.3104823355778061,True
SNRPB,DSG,0.07095357050506208,-0.7369655941662062,0.1023643643010185,-0.6346012298651877,-0.8202738857902699,0.05419523212587189,False
CR1L,DCG,0.8524749827461898,-0.7369655941662062,1.2298614300898327,0.4928958359236265,0.3072231799985472,1.1816922979146878,True
ATP1B1P1,NEUTRAL,0.007905981803819193,0.13750352374993502,0.011405920741728331,0.14890944449166335,-0.0367632114334159,-0.03676321143341574,False
TAF6,DSG,0.04492940761691422,1.20945336562895,0.06481943355900097,1.2742727991879508,1.0822568867850433,0.016650301383855013,False
CEBPZOS,DIG,0.7463391332419886,0.37851162325372983,1.0767397663495843,1.4552513896033141,1.2672647563531858,1.028570634174439,True
NUP205,DIG,1.3256574024970678,0.560714954474479,1.9125193605002644,2.4732343149747433,2.2987068013850207,1.8643502283251183,True
RELL1,NEUTRAL,0.015343331743987325,0.13750352374993502,0.022135748617764725,0.15963927236769976,-0.02603338355738131,-0.02603338355738115,False
METAP1D,NEUTRAL,-0.04880885342674437,0.13750352374993502,-0.0704162907902404,0.06708723295969463,-0.11858542296538427,-0.1185854229653841,False
HINT1,NEUTRAL,0.04549072255736526,0.13750352374993502,0.06562923983996657,0.2031327635899016,0.01746010766482319,0.017460107664822557,False
DNAH1,NEUTRAL,0.05099993998041661,0.13750352374993502,0.07357736049538183,0.21108088424531685,0.02540822832023645,0.025408228320236762,False
RHOQ,DIG,-1.7234796314680398,0.4724877714627438,-2.4864555173920793,-2.0139677459293353,-2.2034161834700776,-2.5346246495672258,True
KCNK12,DIG,0.650904085477542,0.45943161863729726,0.9390560962128158,1.3984877148501131,1.2172956482786903,0.8908869640376702,True
CYP2F2P,DIG,-0.6976280227168257,0.4854268271702419,-1.0064644887587375,-0.5210376615884956,-0.7057644174745668,-1.0546336209338814,True
BPIFB1,DSG,0.08919645774187429,-0.7369655941662062,0.12868328724906403,-0.6082823069171421,-0.7939549628422234,0.080514155073918,False
TEAD1,NEUTRAL,-0.007365597898444118,0.13750352374993502,-0.0106263115612675,0.12687721218866752,-0.05879544373641142,-0.058795443736412094,False
SAMD15,NEUTRAL,-0.05349957923840648,0.13750352374993502,-0.07718357765689518,0.06031994609303984,-0.12535270983204036,-0.12535270983204072,False
RPSAP39,NEUTRAL,0.02210757223030074,0.13750352374993502,0.03189448482274944,0.16939800857268444,-0.01627464735239544,-0.01627464735239544,False
SMURF1,DSG,0.035314719432630204,-0.7369655941662062,0.0509483705958407,-0.6860172235703655,-0.8716898794954456,0.002779238420695606,False
PARPBP,NEUTRAL,0.01124216262002727,0.13750352374993502,0.01621901226078062,0.15372253601071564,-0.03195011991436408,-0.0319501199143644,False
PRIMA1,NEUTRAL,-0.006776989319218596,0.13750352374993502,-0.00977712888299414,0.12772639486694087,-0.05794626105813905,-0.057946261058139215,False
DNAH2,NEUTRAL,0.010465454271594015,0.13750352374993502,0.015098458978278906,0.15260198272821393,-0.033070673196865796,-0.03307067319686546,False
ST3GAL6,DIG,-0.8864101194645702,0.4462562298895641,-1.278819483545329,-0.832563253655765,-1.0168683713665767,-1.326988615720474,True
MMP11,NEUTRAL,0.002330169292114008,0.13750352374993502,0.0033617236821646256,0.14086524743209963,-0.04480740849298142,-0.04480740849298125,False
MEIS1-AS2,DIG,-0.8205947595139674,0.4724877714627438,-1.1838679901302724,-0.7113802186675287,-0.8994680393356399,-1.2320371223054143,True
RBMS3-AS1,NEUTRAL,0.04257666374835801,0.13750352374993502,0.061425141647353,0.198928665397288,0.013256009472207952,0.013256009472207952,False
FTCD,DIG,0.9920495308392858,0.53605290024021,1.4312249384580604,1.9672778386982706,1.7875821166565788,1.3830558062829132,True
MIR30C2,DIG,1.3520435131091508,0.45943161863729726,1.9505864714286643,2.4100180900659613,2.219306583180088,1.9024173392535149,True
TIPARP,DSG,0.1330124018816764,1.1699250014423124,0.19189633257142438,1.3618213340137368,1.1833382135054282,0.14372720039628,False
TYRO3,NEUTRAL,0.035567865906258225,0.13750352374993502,0.05131358375796238,0.1888171075078974,0.0031444515828186435,0.0031444515828186435,False
ST6GAL1,DSG,-0.011053931206541285,1.2705289423807182,-0.01594745173400487,1.2545814906467134,1.0675175364494924,-0.06411658390915102,False
SLC35G5,NEUTRAL,0.006750482189728734,0.13750352374993502,0.009738887178730915,0.14724241092866594,-0.03843024499641404,-0.03843024499641436,False
PPIAP43,NEUTRAL,0.018942793787527,0.13750352374993502,0.027328674657847468,0.1648321984077825,-0.02084045751729732,-0.020840457517296993,False
EPHB1,DIG,1.1505709012805836,0.4462562298895641,1.659922933468643,2.106179163358207,1.9208745352647487,1.6117538012934958,True
CACNA2D2,NEUTRAL,0.008352642614016217,0.13750352374993502,0.012050316077559024,0.14955383982749404,-0.036118816097586534,-0.03611881609758703,False
MYH13,NEUTRAL,0.03797970347093508,0.13750352374993502,0.05479312985195139,0.1922966536018864,0.006623997676806531,0.006623997676806213,False
ENTR1P2,DCG,-0.8484251746970787,1.0356239097307214,-1.2240187921008279,-0.1883948823701065,-0.37542762665126606,-1.272187924275973,True
UGT1A4,NEUTRAL,0.03935528035215895,0.13750352374993502,0.05677766779685457,0.19428119154678958,0.008608535621710798,0.008608535621710798,False
SPINDOC,DIG,0.7079326200520824,0.5109619192773794,1.02133088023267,1.5322927995100493,1.3588454024689622,0.9731617480575234,True
SPI1,DIG,-0.592404527156811,0.4195388915137848,-0.8546590735293026,-0.4351201820155178,-0.614368483321318,-0.902828205704448,True
PTBP3,NEUTRAL,0.0341102235258996,0.13750352374993502,0.0492106503244294,0.18671417407436441,0.0010415181492854457,0.0010415181492851257,False
TPM3P8,NEUTRAL,0.0347055070336598,0.13750352374993502,0.05006946288899803,0.18757298663893304,0.0019003307138536418,0.0019003307138536418,False
DND1,NEUTRAL,0.04752253834677197,0.13750352374993502,0.06856053040334352,0.20606405415327855,0.020391398228199183,0.020391398228199183,False
SERPINB6,DIG,1.0209485895390789,0.5728896684205812,1.472917467130611,2.045807135551192,1.85272798384799,1.4247483349554657,True
FGFR3,NEUTRAL,-0.023712503781808662,0.13750352374993502,-0.03420991161307615,0.10329361213685886,-0.08237904378822157,-0.08237904378822106,False
FLAD1,DCG,-1.0582508140881006,1.4059923596758368,-1.526733201501611,-0.12074084182577427,-0.30326582747234804,-1.574902333676757,True
TLE2,NEUTRAL,-0.005370992704748926,0.13750352374993502,-0.007748704539792076,0.12975481921014295,-0.05591783671493776,-0.05591783671493776,False
CCN5,DCG,-0.958022146711864,1.1779177921958432,-1.3821338001230052,-0.204216007927162,-0.39590749310598405,-1.43030293229815,True
FAM83F,NEUTRAL,0.03493867017443283,0.13750352374993502,0.050405846195909376,0.1879093699458444,0.0022367140207659743,0.0022367140207656547,False
MAPRE2,NEUTRAL,0.052028154225259735,0.13750352374993502,0.07506076008738839,0.2125642838373234,0.026891627912244347,0.026891627912244347,False
SH3BP5,DIG,1.1470403306818162,0.35049724708413343,1.6548293967742929,2.0053266438584263,1.8195626335315036,1.6066602645991483,True
NENFP1,NEUTRAL,-0.014391777924113827,0.13750352374993502,-0.02076294664069428,0.11674057710924074,-0.06893207881583804,-0.06893207881583839,False
TMPRSS12,DIG,0.5906016496219323,0.4462562298895641,0.8520580710504029,1.298314300939967,1.0969323782831986,0.803888938875257,True
TRMT12,DCG,-1.0763157576918716,1.446256229889564,-1.5527954060527103,-0.10653917616314623,-0.2911355822211125,-1.6009645382278552,True
SULT6B1,DIG,-1.2755874122083244,0.3645724322958561,-1.8402836338133355,-1.4757112015174794,-1.6588111436195416,-1.8884527659884658,True
SEPTIN4,DSG,0.0775426367588463,1.2403143293337107,0.1118703775094418,1.3521847068431525,1.16891815220616,0.06370124533429561,False
KRT27,DIG,-0.773282319136489,0.4724877714627438,-1.1156105670253296,-0.6431227955625858,-0.8366478195497536,-1.1637796992004676,True
EEF1AKMT1,NEUTRAL,-0.056166955591008504,0.13750352374993502,-0.08103178829297861,0.05647173545695641,-0.12920092046812326,-0.12920092046812306,False
ARFGAP3,NEUTRAL,-0.003374792565534873,0.13750352374993502,-0.004868796498326103,0.1326347272516089,-0.053037928673469854,-0.05303792867346952,False
SCFD1,DIG,0.9274683466962073,0.4195388915137848,1.338053984360104,1.7575928758738888,1.569303185597516,1.289884852184958,True
U2AF2,DIG,-1.518385920944161,0.45943161863729726,-2.190567838301763,-1.7311362196644655,-1.9213642004868574,-2.2387369704769076,True
VN1R5,DCG,-0.9228077482523325,1.3434078222978139,-1.331330162097551,0.012077660200262796,-0.1704248150624232,-1.3794992942726831,True
TLN1,DIG,1.2286714688159173,0.523561956057013,1.7725982349424827,2.2961601909994958,2.1006505927548176,1.7244291027673375,True
RN7SL851P,DIG,1.673499647409159,0.6553518286125543,2.4143496422466226,3.0697014708591768,2.885800394530425,2.36618051007147,True
CYCSP23,DCG,2.0794415416798357,-3.321928094887362,3.0,-0.3219280948873622,-0.5076007508124396,2.9518308678248553,True
CPB1,DSG,0.11801126067539369,-0.7369655941662062,0.17025426054544524,-0.566711333620761,-0.7523839895458424,0.12208512837029915,False
GEM,DCG,-0.8108262802401264,1.2403143293337107,-1.1697750535248752,0.07053927580883546,-0.11894495822900325,-1.2179441857000213,True
NRDE2,NEUTRAL,-0.019609645529271774,0.13750352374993502,-0.02829073835867082,0.1092127853912642,-0.07645987053381571,-0.07645987053381538,False
MPHOSPH9,NEUTRAL,-0.06629558682799878,0.13750352374993502,-0.09564431434957754,0.04185920940035748,-0.14381344652472158,-0.14381344652472122,False
MYOCOS,DCG,-0.8062717886248468,1.1618876823768942,-1.163204311057741,-0.0013166286808468097,-0.1933124526293551,-1.2113734432328878,True
NPM1P25,NEUTRAL,0.04972147248743309,0.13750352374993502,0.07173292178331675,0.20923644553325177,0.023563789608173114,0.0235637896081728,False
HSPE1P6,DCG,-0.9687494976275247,1.3854310371935206,-1.3976100960909046,-0.01217905889738402,-0.2005095826338037,-1.445779228266048,True
RNF32,DIG,-1.3285116176488312,0.4854268271702419,-1.9166371225453434,-1.4312102953751014,-1.6177181237422782,-1.964806254720488,True
R3HCC1,NEUTRAL,-0.05607834648792254,0.13750352374993502,-0.08090395237937886,0.056599571370556157,-0.1290730845545229,-0.12907308455452327,False
GPR83,NEUTRAL,-0.07569808890418703,0.13750352374993502,-0.1092092574668425,0.02829426628309252,-0.1573783896419878,-0.15737838964198744,False
ZNF429,DIG,-0.6902946157472081,0.5849625007211562,-0.9958846188908497,-0.4109221181696935,-0.5906572275884884,-1.0440537510659953,True
LINC01141,NEUTRAL,-0.046623084111395416,0.13750352374993502,-0.06726289223845919,0.07024063151147583,-0.1154320244136035,-0.11543202441360403,False
LINC01801,DSG,0.014148025577982589,1.1779177921958432,0.020411286339725693,1.198329078535569,1.0115642197199273,-0.027757845835419764,False
C1RL,DSG,-0.018916088655452825,1.20945336562895,-0.02729014729623777,1.1821632183327122,0.9968867401807602,-0.07545927947138432,False
NCF2,DCG,-0.8799789003416588,1.232660756790275,-1.2695411956098346,-0.0368804388195596,-0.22651484049144577,-1.3177103277849795,True
C2orf88,NEUTRAL,0.02836397867445898,0.13750352374993502,0.040920571373522285,0.1784240951234573,-0.007248560801621613,-0.007248560801621935,False
HNRNPA1P45,NEUTRAL,-0.0326274600882653,0.13750352374993502,-0.04707147486614293,0.09043204888379208,-0.09524060704128708,-0.09524060704128759,False
LMBRD1,DIG,1.1938089341148008,0.4724877714627438,1.7223022290163623,2.194790000479106,2.005804312026632,1.674133096841216,True
PRCD,DSG,0.11948499583859448,1.3219280948873624,0.1723804109569787,1.494308505844341,1.3104268694797339,0.12421127878183238,False
ZYG11B,NEUTRAL,0.030587707570720435,0.13750352374993502,0.044128734024440175,0.1816322577743752,-0.004040398150704299,-0.004040398150704299,False
SPCS1,NEUTRAL,-0.01225362304521889,0.13750352374993502,-0.01767824120026001,0.119825282549675,-0.0658473733754039,-0.0658473733754039,False
ROBO1,NEUTRAL,0.019836041384890913,0.13750352374993502,0.028617358536850365,0.1661208822867854,-0.019551773638293173,-0.019551773638293173,False
TP53I3,DIG,-0.6992834383964218,0.45943161863729726,-1.0088527487503007,-0.5494211301130034,-0.7357078807993241,-1.0570218809254475,True
SMIM33,NEUTRAL,-0.042807012994834394,0.13750352374993502,-0.061757465362917,0.07574605838701802,-0.10992659753806158,-0.10992659753806175,False
RFX6,DIG,-1.6400929525705512,0.37851162325372983,-2.366153969270472,-1.9876423460167423,-2.1851393447056053,-2.4143231014456132,True
AMPD3,NEUTRAL,0.000905243890289166,0.13750352374993502,0.0013059908713152126,0.13880951462125024,-0.04686314130383,-0.04686314130382983,False
PRPF8,NEUTRAL,-0.0005190971173784454,0.13750352374993502,-0.0007488988369816394,0.13675462491295337,-0.0489180310121261,-0.04891803101212561,False
PCDHGA5,NEUTRAL,0.03922595432600557,0.13750352374993502,0.05659108978026522,0.19409461353020024,0.008421957605119483,0.008421957605119483,False
AHSG,DSG,-0.056671417204624125,1.20945336562895,-0.08175957256126071,1.1276937930676891,0.9409699061005292,-0.12992870473640517,False
CFI,NEUTRAL,0.02039405119599572,0.13750352374993502,0.029422396524098657,0.1669259202740337,-0.018746735651044993,-0.01874673565104532,False
NSUN4,NEUTRAL,0.016425080209990204,0.13750352374993502,0.02369638176515632,0.16119990551509134,-0.024472750409989235,-0.024472750409989235,False
ACAP2,DSG,0.001710189020344677,1.3291235962915664,0.00246728121863402,1.3315908775102003,1.1458542638430687,-0.04570185095651074,False
ISG20L2,DCG,0.7557502547585639,-0.7369655941662062,1.090317144690751,0.3533515505245447,0.16767889459946342,1.0421480125156048,True
CDK8,NEUTRAL,-0.0003123383083682488,0.13750352374993502,-0.0004506089285625204,0.1370529148213725,-0.0486197411037084,-0.0486197411037084,False
PKD1L3,NEUTRAL,0.01426875777085559,0.13750352374993502,0.02058546607565922,0.15808898982559424,-0.02758366609948631,-0.02758366609948566,False
TXNDC12,NEUTRAL,-0.013874445191426507,0.13750352374993502,-0.020016593272756747,0.11748693047717827,-0.06818572544790133,-0.0681857254479015,False
DHX9P1,NEUTRAL,-0.039797695705200815,0.13750352374993502,-0.05741593823270122,0.0800875855172338,-0.10558507040784518,-0.10558507040784518,False
TRIM59,DSG,0.06838156832337326,1.185866545311334,0.09865374950834044,1.2845202948196743,1.1075479180306078,0.05048461733319416,False
APCDD1L,DCG,-0.741706592059891,1.1538053360790355,-1.0700564221594582,0.08374891391957728,-0.10747075813508318,-1.1182255543346047,True
TRIM6,NEUTRAL,0.04818199200753403,0.13750352374993502,0.06951192092942102,0.20701544467935604,0.021342788754275383,0.021342788754275383,False
TRPV6,DIG,1.0124417045375436,0.4724877714627438,1.4606446263254833,1.933132397788227,1.7504550929128397,1.412475494150338,True
MIR4648,DIG,1.0661536092243822,0.49825086752782544,1.538134524853886,2.0363853923817112,1.866530878247361,1.4899653926787373,True
PFKM,DIG,1.0349661545783266,0.4329594072761063,1.493140538698072,1.9260999459741783,1.7299202913588934,1.444971406522925,True
ZNF142,NEUTRAL,0.03145175508169655,0.13750352374993502,0.04537529108361787,0.1828788148335529,-0.0027938410915256703,-0.002793841091525831,False
RPS21P4,NEUTRAL,0.06993269673569882,0.13750352374993502,0.1008915547765845,0.23839507852651953,0.05272242260143855,0.052722422601438855,False
SHLD2P2,NEUTRAL,-0.001523453346666884,0.13750352374993502,-0.0021978785882620084,0.135305645161673,-0.050367010763407855,-0.050367010763407855,False
KPNA6,NEUTRAL,-0.0013126087623664523,0.13750352374993502,-0.0018936941520934806,0.13560982959784154,-0.050062826327239796,-0.05006282632723963,False
RPS7P3,DCG,-0.9118421153965485,1.2705289423807182,-1.3155100979563024,-0.04498115557558413,-0.22919253473502396,-1.3636792301314486,True
MITD1,NEUTRAL,0.04991636842687631,0.13750352374993502,0.07201409718864088,0.2095176209385759,0.023844965013495995,0.023844965013495683,False
ZNF233,DIG,0.8398356814360104,0.560714954474479,1.2116267727693355,1.7723417272438144,1.589807091302265,1.1634576405941892,True
RNU4-5P,NEUTRAL,0.041470554803568496,0.13750352374993502,0.05982936375802225,0.19733288750795727,0.011660231582877791,0.011660231582877791,False
DDX10,NEUTRAL,-0.0058255905730143906,0.13750352374993502,-0.008404550629937356,0.12909897311999766,-0.05657368280508179,-0.05657368280508196,False
IGFLR1,DIG,1.6764011196209503,0.53605290024021,2.418535581817851,2.9545884820580612,2.7598912469847674,2.370366449642704,True
MYL6P3,NEUTRAL,-0.051111856631454865,0.13750352374993502,-0.07373882209282762,0.0637647016571074,-0.12190795426797264,-0.12190795426797264,False
C1GALT1C1L,DIG,1.2520406309419252,0.523561956057013,1.8063128092514045,2.3298747653084173,2.1456926193788037,1.758143677076258,True
GCOM1,NEUTRAL,-0.004686306186071426,0.13750352374993502,-0.006760910694732518,0.1307426130552025,-0.05493004286987759,-0.05493004286987776,False
COP1,DCG,-0.9876808715969073,1.3923174227787602,-1.4249222954337473,-0.032604872654987016,-0.22393153564821702,-1.4730914276088933,True
LINC01016,DIG,1.0998392278370317,0.632268215499513,1.5867325997756323,2.2190008152751455,2.036616521687126,1.5385634676004862,True
CHCHD4,DIG,-1.1721654280497293,0.37851162325372983,-1.6910772501488336,-1.3125656268951038,-1.4936763809242857,-1.739246382323978,True
L3MBTL2,NEUTRAL,-0.0864808569721614,0.13750352374993502,-0.12476550348556499,0.012738020264370029,-0.1729346356607088,-0.17293463566070896,False
ADIPOR1P2,NEUTRAL,0.04705721882252898,0.13750352374993502,0.06788921623328935,0.20539273998322438,0.019720084058144054,0.019720084058144054,False
ACTB,DIG,1.4504960953971522,0.6438561897747247,2.0926235236582764,2.7364797134330012,2.5612964029463674,2.04445439148313,True
SH2D7,NEUTRAL,-0.07930173470189664,0.13750352374993502,-0.1144082193883185,0.023095304361616525,-0.16257735156346298,-0.1625773515634639,False
CAPZA3,DIG,0.6583524465817748,0.608809242675524,0.9498018098406428,1.558611052516167,1.379668074431105,0.9016326776654969,True
PLEKHA7,NEUTRAL,0.021627524240017577,0.13750352374993502,0.031201921967779208,0.16870544571771423,-0.016967210207366065,-0.016967210207366388,False
HVCN1,NEUTRAL,-0.030038457914490956,0.13750352374993502,-0.04333633426918794,0.09416718948074708,-0.09150546644433336,-0.09150546644433354,False
PLA2G4E-AS1,NEUTRAL,-0.038544284700621725,0.13750352374993502,-0.05560764839219931,0.08189587535773571,-0.10377678056734435,-0.10377678056734452,False
NXF1,DIG,1.5980855613822469,0.5484366246960424,2.305550114322423,2.853986739018465,2.676780753085499,2.2573809821472763,True
SYNGR2,DSG,0.07684095101487746,1.1375035237499351,0.11085805896635548,1.2483615827162906,1.0627826259119004,0.06268892679121041,False
HOOK3,DCG,-0.7821166366954576,1.2854022188622483,-1.1283557931572918,0.15704642570495642,-0.02704994114544931,-1.176524925332437,True
MSRB3,DIG,-1.4825836740394411,0.49825086752782544,-2.1389161142396413,-1.640665246711816,-1.822643012995902,-2.187085246414787,True
ADGB,DIG,-1.339609185473675,0.45943161863729726,-1.9326475286121745,-1.4732159099748772,-1.6581579769816486,-1.9808166607873112,True
P3H2,DSG,-0.12080820096747387,-3.321928094887362,-0.17428939243449182,-3.496217487321854,-3.6818901432469344,-0.22245852460963686,False
LY75,NEUTRAL,-0.0090433485631455,0.13750352374993502,-0.013046794125080348,0.12445672962485467,-0.06121592630022406,-0.06121592630022406,False
KDM3B,NEUTRAL,0.03768466177682158,0.13750352374993502,0.054367474662998364,0.19187099841293337,0.006198342487854723,0.0061983424878544035,False
COG7,DSG,0.03868994226488582,1.439623137557117,0.05581778783783108,1.4954409253949479,1.3120849874653788,0.007648655662686326,False
ZSCAN12P1,DIG,1.3174092751216375,0.53605290024021,1.9006198280391107,2.4366727282793206,2.2469519792074855,1.8524506958639637,True
JRK,DCG,-0.9269704412183202,1.2705289423807182,-1.337335658596325,-0.06680671621560674,-0.2468724655963506,-1.3855047907714697,True
ZMIZ2,DIG,0.7802678167224024,0.6205864104518776,1.1256885097506686,1.7462749202025463,1.564963865593324,1.0775193775755214,True
RAB3C,NEUTRAL,0.05998634046307078,0.13750352374993502,0.08654199590714919,0.2240455196570842,0.03837286373200497,0.03837286373200497,False
NPPB,NEUTRAL,0.004332697824257861,0.13750352374993502,0.006250761664727217,0.14375428541466223,-0.041918370510418086,-0.041918370510417594,False
NT5DC1,DIG,1.1974913022608562,0.405992359675837,1.727614763279404,2.133607122955241,1.9389914948458589,1.679445631104258,True
HIP1R,NEUTRAL,-0.005452834899244791,0.13750352374993502,-0.00786677786792673,0.1296367458820083,-0.056035910043072026,-0.05603591004307153,False
MKLN1,DIG,-1.5155808441144791,0.560714954474479,-2.186520967870268,-1.6258060133957892,-1.812235385240378,-2.234690100045415,True
CNTFR,DIG,1.6948512469807913,0.45943161863729726,2.4451534890636633,2.9045851077009606,2.7180722577204004,2.396984356888517,True
NPM1P27,NEUTRAL,0.02666561457603557,0.13750352374993502,0.03847034991110298,0.175973873661038,-0.009698782264041703,-0.009698782264041703,False
EPCAM-DT,DIG,1.699361148955012,0.4329594072761063,2.451659902276767,2.8846193095528734,2.706386893197948,2.4034907701016204,True
SH3RF3-AS1,NEUTRAL,0.043088513223807225,0.13750352374993502,0.062163584347265204,0.19966710809720023,0.013994452172120583,0.013994452172120583,False
LINC01649,NEUTRAL,-0.05830006711185338,0.13750352374993502,-0.08410921770576463,0.05339430604417039,-0.1322783498809081,-0.13227834988090845,False
GUCA1B,DIG,0.9342581280493635,0.608809242675524,1.3478495682470228,1.956658810922547,1.763975632584627,1.299680436071876,True
KISS1,DCG,-0.915743421395471,1.2249663650002742,-1.3211384927739385,-0.09617212777366424,-0.2885488743864534,-1.369307624949081,True
TDRD1,NEUTRAL,-0.017300039865934,0.13750352374993502,-0.024958681721764353,0.11254484202817067,-0.07312781389690812,-0.07312781389690812,False
MICOS13,NEUTRAL,-0.0016848396041666772,0.13750352374993502,-0.0024307097416245895,0.13507281400831042,-0.050599841916769174,-0.050599841916769014,False
SELL,DCG,-0.8245616006426362,1.2403143293337107,-1.1895909321545972,0.05072339717911345,-0.12685038288857695,-1.2377600643297444,True
BTN1A1,DIG,1.367217581858247,0.53605290024021,1.9724780251630933,2.5085309254033032,2.3220719822808706,1.9243088929879464,True
ADH6,NEUTRAL,-0.0017226933376097088,0.13750352374993502,-0.002485321135141984,0.13501820261479303,-0.0506544533102878,-0.0506544533102878,False
NAMPT,DIG,-0.5882366312788656,0.49825086752782544,-0.8486460708152491,-0.3503952032874237,-0.5166044459158038,-0.8968152029903956,True
NFYB,NEUTRAL,-0.008543029298578189,0.13750352374993502,-0.012324986003227874,0.12517853774670715,-0.06049411817837173,-0.060494118178371394,False
KRT13,NEUTRAL,0.009738499152107892,0.13750352374993502,0.014049684432447432,0.15155320818238244,-0.034119447742696596,-0.034119447742696596,False
PCLAF,NEUTRAL,0.05298040768832282,0.13750352374993502,0.07643457143621885,0.21393809518615386,0.028265439261072903,0.02826543926107259,False
GLTP,NEUTRAL,-0.007934854033997638,0.13750352374993502,-0.011447574565026179,0.12605594918490884,-0.05961670674017153,-0.05961670674017169,False
RBM47,NEUTRAL,-0.018892756799012998,0.13750352374993502,-0.0272564865426573,0.11024703720727771,-0.07542561871780305,-0.07542561871780355,False
LINC02640,NEUTRAL,0.005710765998970449,0.13750352374993502,0.008238893786391975,0.145742417536327,-0.03993023838875289,-0.039930238388752724,False
IGFBP4,DIG,-1.4508534998991809,0.4854268271702419,-2.0931391493609444,-1.6077123221907024,-1.801668131630752,-2.141308281536089,True
RPS26P28,DSG,0.09830661735573078,1.232660756790275,0.1418264693456817,1.3744872261359566,1.190020315460419,0.0936573371705353,False
RPL37A,NEUTRAL,0.02112283652962487,0.13750352374993502,0.030473811510798046,0.16797733526073305,-0.017695320664347654,-0.017695320664347654,False
NUBP2,DCG,-0.8314763355658678,1.06177619758669,-1.199566785937405,-0.13779058835071512,-0.318911521794105,-1.2477359181125498,True
SMIM15P2,DIG,0.6809705449489375,0.632268215499513,0.9824328281892871,1.6147010436888,1.4337855625647287,0.9342636960141386,True
IL17RE,DIG,-1.3600385056547273,0.30742852519224734,-1.9621208075261114,-1.6546922823338641,-1.832587727494077,-2.0102899397012584,True
MNDA,DCG,-0.8191405108873508,1.2016338611696507,-1.1817699528484331,0.019863908321217538,-0.16836320500645655,-1.229939085023579,True
NDUFB9,DCG,-0.7799662810781216,1.2705289423807182,-1.1252534857720133,0.1452754566087049,-0.04417653600793794,-1.1734226179471576,True
FXYD6-FXYD2,NEUTRAL,-0.022264252107943815,0.13750352374993502,-0.032120526105232194,0.10538299764470282,-0.08028965828037624,-0.08028965828037574,False
AUH,NEUTRAL,0.015877156838512544,0.13750352374993502,0.02290589543433834,0.16040941918427337,-0.025263236740804957,-0.025263236740804957,False
ARPC3,NEUTRAL,0.0047363789098908,0.13750352374993502,0.0068331503650705325,0.14433667411500556,-0.041335981810073696,-0.04133598181007337,False
ZFP3,NEUTRAL,-0.01665293829865048,0.13750352374993502,-0.024025111499692938,0.11347841225024208,-0.07219424367483719,-0.07219424367483719,False
OSBP2,NEUTRAL,0.027960114911878442,0.13750352374993502,0.040337919126052585,0.1778414428759876,-0.007831213049093445,-0.007831213049093766,False
CD109,DIG,1.0562235119562013,0.3923174227787603,1.5238084227695365,1.9161258455482968,1.723996922131996,1.4756392905943903,True
RPS4XP20,DSG,-0.0004372111467402692,1.4918530963296748,-0.0006307623532235632,1.4912223339764512,1.3046159894414222,-0.04879989452836717,False
ELF1,NEUTRAL,0.010833284262715544,0.13750352374993502,0.015629125482360166,0.1531326492322952,-0.03254000669278356,-0.03254000669278307,False
TMEM139-AS1,DIG,1.1788543835630874,0.4329594072761063,1.700727373096682,2.1336867803727886,1.959133201771997,1.6525582409215376,True
PLAC4,DIG,-1.1568128394508317,0.6553518286125543,-1.6689281467123955,-1.0135763180998412,-1.1990240340683207,-1.7170972788875418,True
TBL3,DCG,0.8021676337878316,-0.7369655941662062,1.1572832672273388,0.42031767306113255,0.23464501713605182,1.1091141350521934,True
TMEM120A,DIG,0.6896523412321603,0.5484366246960424,0.994958012633101,1.5433946373291434,1.3606839129471604,0.9467888804579535,True
MAP4K3-DT,DIG,-0.5771405019681656,0.4854268271702419,-0.8326377400856395,-0.34721091291539763,-0.5352793039226097,-0.8808068722607844,True
RRP12,NEUTRAL,-0.014007083283391947,0.13750352374993502,-0.02020794959026826,0.11729557415966677,-0.06837708176541403,-0.0683770817654132,False
SYK,NEUTRAL,0.023781599990878848,0.13750352374993502,0.034309596371245935,0.17181312012118094,-0.013859535803897488,-0.013859535803897649,False
NEURL1B,DIG,-1.0634757929606602,0.4462562298895641,-1.5342712526098023,-1.0880150227202383,-1.2610778404096552,-1.5824403847849469,True
LY9,DCG,-0.8843204337308271,1.3785116232537298,-1.2758047043002416,0.10270691895348816,-0.08445939473755414,-1.323973836475388,True
GPR107,NEUTRAL,-0.02408265711523585,0.13750352374993502,-0.03474392999158007,0.10275959375835494,-0.0829130621667238,-0.08291306216672363,False
TESMIN,DSG,-0.07936700838381203,-0.7369655941662062,-0.1145023894055184,-0.8514679835717246,-1.0371406394968057,-0.16267152158066459,False
LINC02561,DSG,-0.15384004464625095,1.3923174227787602,-0.22194426950128296,1.1703731532774773,0.9863216918832333,-0.27011340167642617,False
FAM83C,DCG,-0.8885462281861733,1.3001237245690138,-1.2819012370047855,0.018222487564228285,-0.16924363295592867,-1.3300703691799278,True
PTPRVP,DCG,-0.9350609337471767,1.3291235962915664,-1.3490077720460554,-0.019884175754488975,-0.20475444858262848,-1.3971769042212017,True
UNC50,NEUTRAL,-0.04143376453699618,0.13750352374993502,-0.059776286622885394,0.07772723712704963,-0.10794541879803142,-0.10794541879803125,False
ADARB2,DSG,-0.09275689897468135,1.145677455195635,-0.13381991815901137,1.0118575370366236,0.8191926496171673,-0.18198905033415627,False
CDKN2B,NEUTRAL,0.06060677466402014,0.13750352374993502,0.08743709325205673,0.22494061700199175,0.039267961076911814,0.039267961076911814,False
TBC1D32,DIG,-0.6724823746376817,0.4854268271702419,-0.9701869869750174,-0.4847601598047755,-0.6705271862207511,-1.0183561191501629,True
TMEM38A,DIG,1.0067831203023232,0.5109619192773794,1.4524810149108784,1.963442934188258,1.7755574897689115,1.4043118827357326,True
COL5A2,NEUTRAL,-0.028931152493804044,0.13750352374993502,-0.041738830230013464,0.09576469351992156,-0.08990796240515905,-0.08990796240515837,False
ACVRL1,DIG,1.4600298532875864,0.45943161863729726,2.1063778288878416,2.565809447525139,2.368145150013285,2.058208696712696,True
GALNT7,NEUTRAL,-0.05407334032078319,0.13750352374993502,-0.07801133992509514,0.05949218382483988,-0.12618047210024114,-0.12618047210024133,False
RPL39P5,DIG,-0.871574655557501,0.49825086752782544,-1.2574164333373132,-0.7591655658094878,-0.948910291545909,-1.3055855655124589,True
GPATCH3,NEUTRAL,0.008882951394106229,0.13750352374993502,0.012815389924734761,0.1503189136746698,-0.03535374225040985,-0.03535374225040985,False
BOLL,NEUTRAL,-0.008564224038635576,0.13750352374993502,-0.012355563549601597,0.12514796020033342,-0.060524695724745725,-0.06052469572474589,False
KBTBD8,NEUTRAL,0.006170272746603659,0.13750352374993502,0.008901821892457423,0.14640534564239244,-0.039267310282688546,-0.03926731028268789,False
ADAM1A,NEUTRAL,-0.019708361719005797,0.13750352374993502,-0.02843315571605555,0.10907036803387947,-0.07660228789120094,-0.07660228789120144,False
SIKE1,NEUTRAL,0.0073855700534756616,0.13750352374993502,0.010655125290287374,0.14815864904022238,-0.037514006884857655,-0.03751400688485782,False
LACC1,NEUTRAL,0.010036772827250092,0.13750352374993502,0.01448000238440281,0.15198352613433783,-0.03368912979074146,-0.03368912979074146,False
FMNL2,NEUTRAL,0.04866340294250078,0.13750352374993502,0.07020645009792727,0.20770997384786227,0.022037317922781626,0.02203731792278131,False
TSSK1B,NEUTRAL,0.029145381253983697,0.13750352374993502,0.04204789699994044,0.17955142074987546,-0.0061212351752044794,-0.006121235175204319,False
ATP1A4,DCG,-0.7977149070424238,1.1618876823768942,-1.1508593404333052,0.011028341943589037,-0.17706377696888495,-1.1990284726084512,True
NME1-NME2,DSG,-0.02873114647643673,1.1937717433966801,-0.04145028254060969,1.1523214608560703,0.9715348350297922,-0.08961941471575535,False
USP54,DIG,1.6963179379711522,0.4854268271702419,2.4472694768819734,2.9326963040522154,2.7521813997016964,2.399100344706827,True
NFXL1,NEUTRAL,-0.057564444920630814,0.13750352374993502,-0.08304793921851995,0.054455584531415066,-0.13121707139366545,-0.13121707139366562,False
FAM13B,NEUTRAL,0.004598134403499973,0.13750352374993502,0.006633705701270344,0.14413722945120536,-0.041535426473875516,-0.04153542647387519,False
FOXM1,DIG,0.7955552828788935,0.5484366246960424,1.1477436613623961,1.6961802860584385,1.5118200014638739,1.099574529187251,True
AEBP2,DIG,-0.5852479066331824,0.5484366246960424,-0.8443342525903393,-0.29589762789429697,-0.480784464021901,-0.8925033847654843,True
PPP4R4,NEUTRAL,-0.039999889314851954,0.13750352374993502,-0.05770764195064435,0.07979588179929067,-0.10587677412579011,-0.10587677412579044,False
MIR1244-1,NEUTRAL,0.03638933793301075,0.13750352374993502,0.052498717377187254,0.19000224112712227,0.004329585202043102,0.004329585202043102,False
MRC2,DCG,0.8418127161853594,-0.7369655941662062,1.2144790309978863,0.4775134368316801,0.291840780906599,1.1663098988227405,True
CUEDC1,DSG,-0.09631952399749896,1.3785116232537298,-0.13895969961197727,1.2395519236417525,1.054462173931507,-0.18712883178712292,False
C19orf33,DSG,0.10815276634262548,1.1375035237499351,0.15603145966092857,1.2935349834108636,1.109403436788467,0.10786232748578305,False
RNASEH1,DIG,-1.2302799963057416,0.405992359675837,-1.7749188495751858,-1.3689264898993487,-1.548488659684281,-1.8230879817503307,True
LINC02453,NEUTRAL,-0.012678370708991277,0.13750352374993502,-0.018291022548413607,0.11921250120152141,-0.06646015472355914,-0.06646015472355897,False
PCAT6,DCG,-1.009663887357989,1.0874628412503395,-1.4566370832560438,-0.36917424200570426,-0.5537000745638175,-1.5048062154311896,True
TMEM270,DIG,-0.6069680574779716,0.4329594072761063,-0.875669806501477,-0.44271039922537064,-0.6220702782932142,-0.923838938676621,True
SPAG8,DIG,1.226429913970582,0.4462562298895641,1.769364354883237,2.215620584772801,2.025349254698359,1.721195222708091,True
RPL12P32,DIG,-1.0800138400253152,0.5969351423872323,-1.5581306110959685,-0.9611954687087362,-1.154509351010529,-1.606299743271114,True
CLIP4,DIG,1.5942130988787784,0.405992359675837,2.2999633318726405,2.7059556915484775,2.516301853386392,2.2517941996974953,True
RAB1A,DIG,0.7358253025125723,0.4724877714627438,1.0615715148955094,1.5340592863582532,1.3546349209361512,1.0134023827203622,True
AHSA1,NEUTRAL,0.06133249287430311,0.13750352374993502,0.08848408331511479,0.2259876070650498,0.040314951139970176,0.040314951139970176,False
BRWD1P2,DIG,0.5979818719834379,0.4329594072761063,0.8627054812520049,1.2956648885281112,1.1081377186887955,0.8145363490768581,True
TRH,DIG,-0.8390721968119961,0.5484366246960424,-1.210525297288475,-0.6620886725924326,-0.8548459302781415,-1.258694429463621,True
SLC6A9,NEUTRAL,0.025634228996140766,0.13750352374993502,0.03698237504974435,0.17448589879967938,-0.011186757125399968,-0.011186757125399484,False
MMP8,NEUTRAL,-0.014347936263828166,0.13750352374993502,-0.020699696494815817,0.1168038272551192,-0.06886882866996072,-0.06886882866996055,False
MFSD5,DIG,-1.2634640696584507,0.5109619192773794,-1.8227933476376346,-1.311831428360255,-1.502237646926865,-1.8709624798127802,True
SKP2,DSG,0.1793362472775515,1.3434078222978139,0.25872751459896043,1.6021353368967743,1.4096622230686666,0.21055838242381597,True
CLIP1-AS1,NEUTRAL,0.023227557538117328,0.13750352374993502,0.03351028207220493,0.17101380582213996,-0.01465885010293974,-0.014658850102939902,False
TAPBP,DIG,-0.8787415157740658,0.5109619192773794,-1.2677560270304955,-0.7567941077531161,-0.9488157640323271,-1.3159251592056405,True
ZHX2,DCG,-0.9384677703692875,1.1292830169449666,-1.3539227983458937,-0.2246397814009271,-0.4114499200438117,-1.4020919305210395,True
PPCDC,NEUTRAL,0.013668679002844828,0.13750352374993502,0.019719735412907335,0.15722325916284235,-0.028449396762238167,-0.028449396762238493,False
CDIP1,DCG,-0.8615467052820647,1.3362833878644325,-1.24294915920466,0.09333422865977248,-0.08543183939546578,-1.291118291379805,True
ATRAID,DIG,-1.6224773567819477,0.4462562298895641,-2.3407400365839495,-1.8944838066943854,-2.0792487370550883,-2.3889091687590955,True
CADM2,NEUTRAL,-0.07397939004960219,0.13750352374993502,-0.1067296991525514,0.03077382459738362,-0.15489883132769705,-0.15489883132769722,False
NCKAP5,NEUTRAL,-0.00931773058426728,0.13750352374993502,-0.01344264370626183,0.12406088004367319,-0.06161177588140768,-0.06161177588140768,False
MEFV,DSG,0.004670836381290693,1.3923174227787602,0.006738592484091834,1.3990560152628522,1.2143343752774143,-0.041430539691054216,False
MIR5196,DSG,-0.116312694091946,1.2854022188622483,-0.16780374695888553,1.1175984719033627,0.9312414980415223,-0.21597287913402932,False
LINC02033,NEUTRAL,0.05798698707018396,0.13750352374993502,0.08365753868224685,0.22116106243218187,0.035488406507102534,0.035488406507102534,False
JPH2,DCG,-0.8816358208064249,1.3785116232537298,-1.2719316265475,0.10657999670622975,-0.07296674969954216,-1.3201007587226459,True
RPS10P28,DIG,-0.8335514527176258,0.49825086752782544,-1.20256054716151,-0.7043096796336845,-0.8880099974828753,-1.2507296793366516,True
STMN1P1,DIG,-1.360762909962603,0.608809242675524,-1.9631659020286825,-1.3543566593531584,-1.5462278197597636,-2.0113350342038196,True
PSME2P4,NEUTRAL,-0.00781571611461669,0.13750352374993502,-0.011275694879553455,0.12622782887038156,-0.0594448270546977,-0.0594448270546977,False
SFXN5,DIG,1.4356297243718188,0.4329594072761063,2.0711758839040124,2.504135291180119,2.3261999059260057,2.023006751728865,True
AK8,NEUTRAL,0.02238500184946209,0.13750352374993502,0.032294731158509234,0.16979825490844425,-0.015874401016634985,-0.015874401016634985,False
RN7SL244P,DIG,0.6287584290408098,0.560714954474479,0.9071066674943116,1.4678216219687905,1.2693876159133592,0.8589375353191653,True
CDK18,DCG,-0.715780895690475,1.1210154009613662,-1.0326535485757087,0.08836185238565752,-0.09490362589463872,-1.0808226807508543,True
RABGGTA,NEUTRAL,-0.014204555104262887,0.13750352374993502,-0.02049284120695408,0.11701068254298094,-0.06866197338209823,-0.06866197338209806,False
TP73,NEUTRAL,0.0127078083967581,0.13750352374993502,0.01833349215457004,0.15583701590450505,-0.02983564002057443,-0.029835640020574598,False
DBF4,DIG,-1.3774168021482278,0.5484366246960424,-1.9871923896963828,-1.4387557650003404,-1.6181949921467855,-2.0353615218715273,True
PARP4P2,NEUTRAL,0.029670359344976537,0.13750352374993502,0.042805280288391166,0.1803088040383262,-0.005363851886754173,-0.005363851886754012,False
ZNF214,NEUTRAL,-0.04948244872925712,0.13750352374993502,-0.07138808339274164,0.06611544035719338,-0.11955721556788713,-0.11955721556788713,False
RACGAP1,DIG,0.905560463054073,0.4854268271702419,1.3064475892732246,1.7918744164434663,1.6067484944333525,1.2582784570980783,True
ALS2CL,NEUTRAL,0.03023334213860953,0.13750352374993502,0.043617492772871296,0.18112101652280632,-0.004551639402273177,-0.004551639402272856,False
TCF7,NEUTRAL,0.009224199382205516,0.13750352374993502,0.013307706704878939,0.15081123045481395,-0.034861425470266966,-0.034861425470266966,False
DPYD-AS1,NEUTRAL,0.01838061567368089,0.13750352374993502,0.026517623080905373,0.1640211468308404,-0.021651509094238942,-0.021651509094238616,False
GGPS1,DCG,0.7134417496436765,-0.7369655941662062,1.0292788741740775,0.29231328000787127,0.10664062408279014,0.9811097419989314,True
ACKR3,NEUTRAL,0.007304977477484749,0.13750352374993502,0.010538854780572817,0.14804237853050783,-0.037630277394571476,-0.03763027739457164,False
GPM6A,NEUTRAL,-0.0013231442058354963,0.13750352374993502,-0.0019088935841398364,0.13559463016579518,-0.050078025759285334,-0.050078025759285,False
WNK1,DSG,-0.08419938838372783,1.399171093819823,-0.12147404006708794,1.277697053752735,1.0916364938472962,-0.16964317224223494,False
ZKSCAN1,DSG,-0.1187057733725581,-0.7369655941662062,-0.17125623056947872,-0.9082218247356849,-1.0938944806607647,-0.21942536274462318,False
CENPS-CORT,NEUTRAL,0.024167639326785617,0.13750352374993502,0.0348665334067467,0.17237005715668172,-0.013302598768398321,-0.013302598768398483,False
ZNF773,DIG,-1.2249704848726068,0.632268215499513,-1.7672588437610588,-1.1349906282615458,-1.3295561997249228,-1.815427975936205,True
ST3GAL1,DCG,0.863983805086915,-0.7369655941662062,1.246465151007269,0.5094995568410629,0.3238269009159828,1.1982960188321239,True
UFC1,DCG,0.8309746589793106,-0.7369655941662062,1.1988430196138489,0.46187742544764265,0.2762047695225636,1.1506738874387046,True
MTDHP3,DIG,-1.1098930059814707,0.5109619192773794,-1.6012371356468125,-1.0902752163694331,-1.2688680263503542,-1.6494062678219377,True
ADAM17,DIG,-1.5331654074418601,0.5484366246960424,-2.2118901301788787,-1.6634535054828363,-1.844520106423296,-2.2600592623540248,True
NICN1,NEUTRAL,-0.009895727447495535,0.13750352374993502,-0.01427651691449061,0.12322700683544441,-0.0624456490896364,-0.062445649089636734,False
BTLA,DIG,-1.4099019267494153,0.4195388915137848,-2.034058517861176,-1.6145196263473913,-1.7871446001799685,-2.0822276500363213,True
GLRX5P2,DCG,0.7981383253281112,-0.7369655941662062,1.1514702038942883,0.4145046097280821,0.22883195380300128,1.1033010717191396,True
SMG6,NEUTRAL,0.050610459682267274,0.13750352374993502,0.07301545920071782,0.21051898295065286,0.02484632702557432,0.024846327025574003,False
DCAF13,DCG,-0.7906471440112951,1.2403143293337107,-1.1406627137581176,0.0996516155755931,-0.08273588306941408,-1.1888318459332636,True
RN7SL49P,NEUTRAL,0.011859185055961582,0.13750352374993502,0.01710918746922028,0.1546127112191553,-0.031059944705923808,-0.031059944705924138,False
MIR6730,NEUTRAL,0.0003851756826969651,0.13750352374993502,0.0005556910472979325,0.13805921479723296,-0.04761344112784643,-0.0476134411278456,False
MT1H,NEUTRAL,-0.04297713256094839,0.13750352374993502,-0.062002896017307844,0.07550062773262717,-0.11017202819245275,-0.1101720281924524,False
ATP1B2,NEUTRAL,0.022170210372914445,0.13750352374993502,0.03198485256046873,0.16948837631040375,-0.016184279614675785,-0.016184279614675622,False
APC,NEUTRAL,-0.01871280202103792,0.13750352374993502,-0.026996866676888377,0.11050665707304665,-0.07516599885203462,-0.07516599885203429,False
MIR7161,NEUTRAL,-0.01178809422852901,0.13750352374993502,-0.017006625085030615,0.1204968986649044,-0.06517575726017533,-0.0651757572601755,False
FN3K,DSG,-0.022673953275602714,-0.7369655941662062,-0.032711599948060104,-0.7696771941142663,-0.9553498500393479,-0.08088073212320727,False
COL6A4P1,DIG,-1.4778939875306258,0.4462562298895641,-2.1321503267700495,-1.6858940968804854,-1.8722377721457486,-2.180319458945184,True
SRD5A3-AS1,NEUTRAL,-0.015591511985221906,0.13750352374993502,-0.02249379702104048,0.11500972672889453,-0.07066292919618644,-0.07066292919618661,False
PIK3C2G,DIG,-1.4768152114027073,0.49825086752782544,-2.130593981800072,-1.6323431142722467,-1.8234928629762868,-2.1787631139752177,True
NDUFA6,NEUTRAL,0.014162623595382617,0.13750352374993502,0.020432346827035524,0.15793587057697053,-0.027736785348109656,-0.02773678534811047,False
EIF2AK1,DIG,-0.9915390169235071,0.5849625007211562,-1.4304884225634618,-0.8455259218423056,-1.0283963226007893,-1.4786575547386085,True
TUBBP1,NEUTRAL,-0.015103674935641282,0.13750352374993502,-0.02178999692884861,0.1157135268210864,-0.06995912910399359,-0.06995912910399342,False
MUC15,DIG,-0.6402996704154348,0.4462562298895641,-0.9237571591911855,-0.4775009293016214,-0.6541533912261924,-0.9719262913663307,True
MACROH2A1,NEUTRAL,-0.008072417152322446,0.13750352374993502,-0.011646036193642602,0.12585748755629242,-0.05981516836878665,-0.05981516836878698,False
MSH4,NEUTRAL,0.0403824682409755,0.13750352374993502,0.05825958667011142,0.19576311042004643,0.010090454494968442,0.010090454494968442,False
MAD2L2,NEUTRAL,0.02794032675203292,0.13750352374993502,0.040309370845975134,0.17781289459591015,-0.00785976132916999,-0.007859761329169828,False
SNORD35B,DIG,1.0305996923809753,0.6205864104518776,1.4868410653397244,2.107427475791602,1.9112649859337383,1.438671933164579,True
LINC02026,DSG,-0.040870764415208635,1.0959244199985356,-0.058964049139162616,1.036960370859373,0.8591479375986879,-0.10713318131430635,False
CCL21,DIG,0.5844756149040767,0.5109619192773794,0.843220071142639,1.3541819904200185,1.1591366709366222,0.7950509389674938,True
HEATR4,NEUTRAL,-0.024290856415912426,0.13750352374993502,-0.03504429809018272,0.1024592256597523,-0.08321343026532844,-0.08321343026532811,False
ERO1B,DCG,-0.9155466010073339,1.3854310371935206,-1.320854540976027,0.0645764962174935,-0.12017888854899328,-1.3690236731511725,True
NR2C1,DIG,1.0278382499945735,0.45943161863729726,1.4828571461031619,1.9422887647404592,1.7557933366045826,1.4346880139280163,True
GGT6,NEUTRAL,0.023123655433546993,0.13750352374993502,0.03336038302120338,0.17086390677113839,-0.014808749153940565,-0.014808749153941049,False
TMBIM1,NEUTRAL,0.03846970411844757,0.13750352374993502,0.05550005135615005,0.19300357510608507,0.007330919181006329,0.0073309191810060105,False
DTL,DCG,0.7926352339202718,-0.7369655941662062,1.1435309212106397,0.4065653270444335,0.22089267111935335,1.0953617890354943,True
PSME2P1,NEUTRAL,0.01849956579061969,0.13750352374993502,0.026689231824726142,0.16419275557466118,-0.021479900350418673,-0.02147990035041835,False
SLC35B3,DIG,1.516727207540852,0.6205864104518776,2.188174820700553,2.8087612311524306,2.6169506584818536,2.140005688525406,True
PRR29,DCG,-0.7772735774800205,1.2403143293337107,-1.121368735644449,0.11894559368926161,-0.07996585944338118,-1.1695378678195945,True
HSPE1P5,NEUTRAL,0.03759501267537764,0.13750352374993502,0.05423813834892505,0.19174166209886007,0.006069006173779974,0.006069006173780293,False
DUOX2,NEUTRAL,0.04382667248490818,0.13750352374993502,0.06322852305264182,0.20073204680257684,0.015059390877496708,0.01505939087749639,False
CCDC183,NEUTRAL,0.033909580154431934,0.13750352374993502,0.048921183127425764,0.1864247068773608,0.0007520509522817234,0.0007520509522817234,False
SCNM1,DCG,-0.7722763979438375,1.2927817492278462,-1.114159329509166,0.1786224197186801,-0.002645306800307197,-1.162328461684312,True
C1orf94,NEUTRAL,-0.08885026047887287,0.13750352374993502,-0.12818383017456256,0.009319693575372462,-0.17635296234970732,-0.17635296234970788,False
ALPK2,NEUTRAL,0.0010920434325334006,0.13750352374993502,0.0015754856445512984,0.1390790093944863,-0.04659364653059318,-0.046593646530593016,False
KLHL29,DIG,0.9278873042436598,0.4195388915137848,1.338658412336157,1.7581973038499417,1.5771319858994077,1.2904892801610113,True
SNORD54,DCG,-1.0924332857957677,1.485426827170242,-1.5760480839195898,-0.09062125674934784,-0.2793512188054509,-1.6242172160947341,True
NKTR,NEUTRAL,-0.026831640461673766,0.13750352374993502,-0.0387098746329724,0.09879364911696262,-0.08687900680811823,-0.08687900680811823,False
TMTC1,DIG,1.0110877629891137,0.5728896684205812,1.4586913015679102,2.0315809699884912,1.8334017252551351,1.410522169392763,True
SLC27A1,DIG,1.353957986351663,0.5484366246960424,1.953348472481551,2.5017850971775935,2.315886245064374,1.905179340306404,True
PTMAP2,NEUTRAL,0.003511841194537476,0.13750352374993502,0.00506651587574879,0.14257003962568382,-0.043102616299395546,-0.04310261629939604,False
OPCML,NEUTRAL,0.02100912068981351,0.13750352374993502,0.030309754232631672,0.16781327798256668,-0.017859377942513497,-0.01785937794251382,False
HLX-AS1,DCG,-0.9815724500120436,1.1538053360790355,-1.4161097059056054,-0.2623043698265699,-0.4461203470686773,-1.4642788380807505,True
LINC02275,NEUTRAL,-0.037405202960574355,0.13750352374993502,-0.05396430081466579,0.08353922293526922,-0.10213343298981063,-0.10213343298981012,False
HOXA11-AS,DSG,0.03791623217774635,1.3575520046180838,0.0547015601320292,1.412253564750113,1.2270197587283023,0.006532427956884101,False
PDE7B,DIG,1.1167747123255112,0.405992359675837,1.6111653392622138,2.0171576989380506,1.815813699157118,1.5629962070870689,True
ALDH3A2,NEUTRAL,0.0210363719682098,0.13750352374993502,0.03034906951683188,0.1678525932667669,-0.0178200626583132,-0.0178200626583132,False
CPT1A,DSG,-0.04059424556668443,1.4262647547020981,-0.058565116767684416,1.3676996379344137,1.187469231902671,-0.10673424894282893,False
NTPCR,DCG,-0.7897238507643366,1.2172307162206693,-1.1393306831694443,0.07790003305122495,-0.10536198629511173,-1.1874998153445886,True
UQCRQ,NEUTRAL,0.020074023587593543,0.13750352374993502,0.02896069428050928,0.1664642180304443,-0.019208437894635663,-0.01920843789463599,False
SCAT8,DIG,-0.6006502931125901,0.4854268271702419,-0.866555199182036,-0.38112837201179417,-0.5708441748424461,-0.914724331357179,True
VPS13D,NEUTRAL,0.022949798299111483,0.13750352374993502,0.0331095601955301,0.17061308394546512,-0.015059571979615629,-0.01505957197961579,False
NGF-AS1,NEUTRAL,0.0037258792539496695,0.13750352374993502,0.005375307522624259,0.1428788312725593,-0.042793824652521274,-0.0427938246525216,False
LINC01569,DCG,-0.8554885119133651,1.2249663650002742,-1.2342090336748908,-0.009242668674616539,-0.19083379201896722,-1.2823781658500348,True
RN7SL521P,DIG,-1.204734524682999,0.4854268271702419,-1.7380645243478852,-1.2526376971776432,-1.4308150685536474,-1.7862336565230217,True
ZNF200,DSG,-0.06906017026555576,1.232660756790275,-0.09963276516506475,1.1330279916252102,0.9464753558332776,-0.14780189734020915,False
COQ7,DSG,-0.08719646956857556,1.3645724322958561,-0.12579791422960937,1.2387745180662468,1.053030487186556,-0.17396704640475313,False
HES1,DSG,-0.08045727069853523,1.4195388915137848,-0.11607530544023768,1.303463586073547,1.1159828102247178,-0.1642444376153826,False
UBXN2A,DIG,1.714406974372789,0.405992359675837,2.473366439993075,2.879358799668912,2.6967462190965112,2.425197307817929,True
ACAD9,DIG,-1.412427505309888,0.53605290024021,-2.0377021575257457,-1.5016492572855356,-1.6914958249882226,-2.085871289700891,True
VIPR1,NEUTRAL,-0.017422347782881608,0.13750352374993502,-0.025135134747006124,0.11236838900292889,-0.0733042669221508,-0.07330426692215046,False
DHTKD1,DSG,0.15526355158558924,1.3854310371935206,0.22399795590333735,1.609428993096858,1.424735852223025,0.17582882372819178,False
CNR2,NEUTRAL,0.03473937199225327,0.13750352374993502,0.05011831969682075,0.18762184344675575,0.001949187521675666,0.001949187521675666,False
DNAH7,NEUTRAL,-0.00836996232348606,0.13750352374993502,-0.012075303136520806,0.12542822061341422,-0.06024443531166633,-0.06024443531166633,False
CBLC,DIG,0.6366705860737063,0.560714954474479,0.918521497208406,1.479236451682885,1.2895586576456572,0.8703523650332584,True
RPL23AP32,DIG,1.2642530668621932,0.4195388915137848,1.8239316299907493,2.243470521504534,2.064696485272539,1.775762497815602,True
CELSR1,NEUTRAL,-0.024956334847567017,0.13750352374993502,-0.03600438052334936,0.10149914322658565,-0.0841735126984958,-0.08417351269849561,False
MAST4,NEUTRAL,-0.07322825928603163,0.13750352374993502,-0.10564604652488903,0.03185747722504599,-0.1538151787000332,-0.1538151787000332,False
KLRC4,DIG,1.374748177538037,0.5109619192773794,1.9833423782052662,2.4943042974826457,2.317519236313314,1.9351732460301212,True
CCDC13,NEUTRAL,0.006148481324503278,0.13750352374993502,0.008870383515859285,0.1463739072657943,-0.03929874865928529,-0.03929874865928545,False
ZNF780A,DSG,0.0649992008945359,1.2016338611696507,0.09377402479229241,1.2954078859619431,1.102473082058946,0.045604892617145766,False
LCMT1,DSG,0.0820191628237155,1.1937717433966801,0.1183286394636388,1.3121003828603188,1.1193534734058292,0.07015950728849435,False
TIFAB,NEUTRAL,-0.02694189384987757,0.13750352374993502,-0.038868936649375234,0.09863458710055978,-0.08703806882452109,-0.08703806882452125,False
NME2,DSG,0.04861135818642995,1.4789718050329426,0.0701313653864396,1.5491031704193823,1.3629477073388097,0.021962233211292936,False
LCMT2,NEUTRAL,-0.04334056559439613,0.13750352374993502,-0.06252721905235813,0.07497630469757689,-0.11069635122750394,-0.1106963512275036,False
XPO7,NEUTRAL,-0.052496803674697855,0.13750352374993502,-0.0757368783240081,0.061766645425926914,-0.12390601049915344,-0.12390601049915327,False
EIF1B,NEUTRAL,-0.0022567003033450005,0.13750352374993502,-0.0032557303364084515,0.13424779341352658,-0.05142486251155326,-0.051424862511553426,False
KLF17,NEUTRAL,-0.005485070846488408,0.13750352374993502,-0.007913284509153455,0.12959023924078156,-0.056082416684297476,-0.05608241668429781,False
SNIP1,NEUTRAL,0.03769006854879226,0.13750352374993502,0.05437527498610768,0.1918787987360427,0.0062061428109639796,0.00620614281096366,False
FAR1P1,NEUTRAL,-0.06541979838051508,0.13750352374993502,-0.09438081869952494,0.043122705050410076,-0.1425499508746691,-0.1425499508746691,False
IFNWP19,NEUTRAL,-0.050083089193897,0.13750352374993502,-0.07225462441243484,0.06524889933750018,-0.12042375658757888,-0.12042375658757888,False
TMEM237,NEUTRAL,0.027945421692445377,0.13750352374993502,0.04031672129124181,0.17782024504117683,-0.007852410883903382,-0.007852410883903382,False
TMEM239,DSG,0.06576828082054444,1.3504972470841334,0.09488357258759218,1.4453808196717257,1.2547333390279056,0.04671444041244877,False
LHX8,NEUTRAL,-0.014817765933917214,0.13750352374993502,-0.021377517429915786,0.11612600632001924,-0.06954664960506018,-0.06954664960506018,False
LY86-AS1,DIG,-1.3908781145376872,0.5109619192773794,-2.006612958324513,-1.4956510390471336,-1.689889411347688,-2.0547820904996517,True
AQR,NEUTRAL,-0.03211192077995058,0.13750352374993502,-0.04632770886265395,0.09117581488728108,-0.09449684103779864,-0.09449684103779847,False
ARPC3P2,DCG,-0.8233846108000243,1.1043366598147357,-1.1878928947454843,-0.0835562349307486,-0.26167331914544095,-1.236062026920627,True
SLC6A11,DIG,0.6672467151987006,0.3645724322958561,0.962633527066616,1.327205959362472,1.141093508573473,0.9144643948914704,True
PTPN2P2,NEUTRAL,-0.02018379143824356,0.13750352374993502,-0.0291190558142911,0.10838446793564392,-0.07728818798943564,-0.0772881879894358,False
HSPE1P18,NEUTRAL,0.029749708874049475,0.13750352374993502,0.042919757460481565,0.1804232812104166,-0.0052493747146631934,-0.005249374714663514,False
CRYBB2,NEUTRAL,0.04470884114712225,0.13750352374993502,0.0645012234068457,0.20200474715678074,0.01633209123170144,0.01633209123170112,False
RPL34,NEUTRAL,-0.014161198177428504,0.13750352374993502,-0.02043029038362193,0.11707323336631309,-0.06859942255876607,-0.06859942255876607,False
VN2R19P,DIG,1.5272909614941923,0.6438561897747247,2.203415096142208,2.847271285916933,2.6564935838209336,2.1552459639670625,True
DMRTA1,NEUTRAL,0.00623720133544802,0.13750352374993502,0.008998379435676879,0.1465019031856119,-0.03917075273946739,-0.0391707527394669,False
ZSCAN26,DIG,-1.3783697343833328,0.6205864104518776,-1.9885671803062719,-1.3679807698543942,-1.551641117532798,-2.036736312481417,True
TEX19,DSG,0.02298736690206112,1.3219280948873624,0.03316376023269867,1.355091855120061,1.169112976070137,-0.015005371942446371,False
SARS2,DSG,-0.07346069376324171,1.371558862611963,-0.10598137859249163,1.2655774840194713,1.0790961903310763,-0.15415051076763636,False
HTRA3,NEUTRAL,-0.013082093785373384,0.13750352374993502,-0.01887347182860251,0.11863005192133251,-0.06704260400374647,-0.06704260400374663,False
RRH,NEUTRAL,0.0038108080132010116,0.13750352374993502,0.005497833822425023,0.14300135757236004,-0.04267129835271992,-0.04267129835271992,False
TTBK2,NEUTRAL,0.009717637430230828,0.13750352374993502,0.014019587329750985,0.151523111079686,-0.034149544845393245,-0.03414954484539292,False
HSPA8P8,DIG,0.7270116861370887,0.5484366246960424,1.0488561542583015,1.5972927789543439,1.4246057632725115,1.0006870220831563,True
ITGA2,DIG,-0.946704393237152,0.5728896684205812,-1.3658057333110345,-0.7929160648904533,-0.9852713318748269,-1.4139748654861801,True
HARS1,NEUTRAL,0.00015788476446422902,0.13750352374993502,0.00022777956672446524,0.13773130331665948,-0.047941352608420765,-0.0479413526084206,False
CARD16,NEUTRAL,-0.050503234129052485,0.13750352374993502,-0.07286076542683827,0.06464275832309675,-0.12102989760198367,-0.12102989760198402,False
LRRC17,DIG,-0.8866703507650218,0.49825086752782544,-1.2791949179519746,-0.7809440504241492,-0.9556161162162183,-1.3273640501271198,True
ZMIZ1,DIG,0.7277256772927838,0.4195388915137848,1.0498862257578614,1.4694251172716462,1.2777801849134178,1.0017170935827149,True
A2ML1,DIG,0.6492835251588056,0.560714954474479,0.9367181218775135,1.4974330763519925,1.3244708397726714,0.8885489897023673,True
BZW1,NEUTRAL,0.06054936540258541,0.13750352374993502,0.08735426919528375,0.22485779294521877,0.039185137020138074,0.039185137020138074,False
SERBP1P5,NEUTRAL,0.024253396051949958,0.13750352374993502,0.03499025420886417,0.1724937779587992,-0.013178877966280474,-0.013178877966280313,False
ZNRF1,NEUTRAL,-0.019724384406377006,0.13750352374993502,-0.02845627156766771,0.10904725218226731,-0.07662540374281264,-0.07662540374281247,False
SRRD,NEUTRAL,0.03435461566872122,0.13750352374993502,0.049563233656910385,0.18706675740684542,0.001394101481766218,0.001394101481766218,False
CSNK1G2,NEUTRAL,0.012376542640231258,0.13750352374993502,0.017855576690412434,0.15535910044034745,-0.03031355548473263,-0.03031355548473263,False
LCMT1-AS2,DSG,0.041782405155339146,1.4195388915137848,0.06027926871402124,1.479818160227806,1.299243248670329,0.012110136538876198,False
NOL7,DIG,1.4097091520629828,0.53605290024021,2.033780402777051,2.569833303017261,2.376978613020808,1.985611270601903,True
NR2C2AP,DIG,0.6049505680730973,0.4724877714627438,0.8727591845420188,1.3452469560047626,1.148976181332003,0.8245900523668713,True
PSMD10P2,DSG,-0.0352274346903795,1.232660756790275,-0.05082244533105034,1.1818383114592246,1.005461219017655,-0.0989915775061943,False
ESAM,NEUTRAL,0.012885683338606353,0.13750352374993502,0.01859011145107293,0.15609363520100794,-0.029579020724072636,-0.029579020724072307,False
HSD11B2,NEUTRAL,-0.0024730499491339383,0.13750352374993502,-0.003567856897486236,0.1339356668524488,-0.05173698907263209,-0.05173698907263209,False
DNAJC12,NEUTRAL,0.02139404096290117,0.13750352374993502,0.030865076801752867,0.1683686005516879,-0.017304055373391487,-0.017304055373391813,False
ZNF302,DSG,-0.012375656035644646,-0.7369655941662062,-0.0178542975903721,-0.7548198917565783,-0.9404925476816579,-0.06602342976551669,False
SEPTIN12,DSG,-0.04530367393381752,1.2630344058337937,-0.06535938571836913,1.1976750201154245,1.0158777939734043,-0.1135285178935135,False
PARVB,NEUTRAL,-0.03718434622572091,0.13750352374993502,-0.0536456718985458,0.08385785185138922,-0.10181480407369245,-0.10181480407369177,False
SRP14,NEUTRAL,-0.05175125582373962,0.13750352374993502,-0.07466128013668524,0.06284224361324978,-0.12283041231183144,-0.12283041231183127,False
CCDC126,DSG,0.005346057736415808,1.3434078222978139,0.007712730984633164,1.351120553282447,1.1694392938636264,-0.040456401190511825,False
DDX56,DIG,-1.5419432035961946,0.5109619192773794,-2.2245538131606715,-1.713591893883292,-1.8948898617020693,-2.272722945335816,True
WDR83,DIG,1.3522663785404223,0.5109619192773794,1.9509079982811453,2.461869917558525,2.2728638591987713,1.902738866105999,True
SPTBN4,DIG,0.6635258653460954,0.523561956057013,0.95726547543637,1.480827431493383,1.2993279189926907,0.9090963432612231,True
UGT1A1,NEUTRAL,-0.031392876402757446,0.13750352374993502,-0.04529034710549833,0.09221317664443669,-0.09345947928064226,-0.09345947928064226,False
COG2,DCG,0.8055910531445212,-0.7369655941662062,1.162222217356118,0.42525662318991186,0.23958396726483172,1.114053085180973,True
LRP4,DIG,-1.547612499881138,0.3923174227787603,-2.2327328787962895,-1.8404154560175292,-2.0188059339259476,-2.2809020109714355,True
CRYBB1,NEUTRAL,0.03488828637220436,0.13750352374993502,0.050333157734293234,0.18783668148422825,0.002164025559148983,0.002164025559148983,False
ZBED3-AS1,NEUTRAL,0.016897315498784125,0.13750352374993502,0.024377673274432077,0.1618811970243671,-0.023791458900711715,-0.02379145890071204,False
LCORL,NEUTRAL,-0.010326285841051734,0.13750352374993502,-0.014897681373687258,0.12260584237624776,-0.06306681354883145,-0.06306681354883178,False
WIPI1,DCG,-0.73442624428866,1.1779177921958432,-1.0595531005339562,0.11836469166188701,-0.07287943561191591,-1.1077222327091012,True
JAK3,DIG,0.8196503812068425,0.608809242675524,1.18250554022986,1.7913147829053842,1.606268246564703,1.134336408054715,True
SLC25A12,NEUTRAL,0.039582342785254764,0.13750352374993502,0.05710524964305409,0.1946087733929891,0.008936117467910195,0.008936117467910195,False
MYMX,DIG,-1.6622967999530858,0.608809242675524,-2.3981873497779103,-1.7893781071023862,-1.9861739451651834,-2.4463564819530554,True
SLC25A3P2,NEUTRAL,-0.02206183915628767,0.13750352374993502,-0.03182850594366617,0.10567501780626884,-0.0799976381188105,-0.0799976381188105,False
ELAC2,NEUTRAL,0.0033865735185271656,0.13750352374993502,0.00488579282078503,0.14238931657072004,-0.04328333935435888,-0.043283339354359206,False
RIOK3,NEUTRAL,-0.01001666633023796,0.13750352374993502,-0.014450994840873758,0.12305252890906127,-0.06262012701601792,-0.06262012701601775,False
NT5C1B,DIG,-1.124584348231018,0.4195388915137848,-1.6224322622542369,-1.202893370740452,-1.3884266054861452,-1.6706013944293798,True
SCAMP1-AS1,NEUTRAL,-0.04096958236650264,0.13750352374993502,-0.05910661330744528,0.07839691044248974,-0.10727574548258882,-0.10727574548258917,False
SNORD50B,NEUTRAL,-0.05766961247844275,0.13750352374993502,-0.08319966393263764,0.05430385981729738,-0.13136879610778224,-0.1313687961077824,False
CDYL2,NEUTRAL,0.005230862896454857,0.13750352374993502,0.007546539960285501,0.14505006371022053,-0.04062259221485752,-0.04062259221485818,False
SCARNA8,NEUTRAL,0.024487980570031775,0.13750352374993502,0.035328688129770136,0.17283221187970516,-0.012840444045374584,-0.012840444045374422,False
FMO1,DCG,-0.8197411827658201,1.1292830169449666,-1.1826365391887022,-0.053353522243735574,-0.24129316634466247,-1.2308056713638484,True
LINC00958,NEUTRAL,0.038492985185857795,0.13750352374993502,0.05553363883664937,0.19303716258658438,0.007364506661505437,0.0073645066615047996,False
THAP3,NEUTRAL,-0.017001096449442133,0.13750352374993502,-0.02452739753728513,0.1129761262126499,-0.07269652971243067,-0.07269652971243067,False
LINC02575,DIG,1.700400212280387,0.523561956057013,2.453158953783455,2.976720909840468,2.79811069469969,2.4049898216083094,True
DTX4,DIG,0.6499260555840962,0.53605290024021,0.9376450973357005,1.4736979975759104,1.2966788594123482,0.8894759651605536,True
MYO18B,NEUTRAL,-0.004467141136477688,0.13750352374993502,-0.006444722364547448,0.13105880138538756,-0.0546138545396934,-0.0546138545396934,False
ZNF322,DIG,1.1523949102592057,0.4724877714627438,1.6625544221766382,2.135042193639382,1.9368456296016583,1.6143852900014923,True
TPM1-AS,NEUTRAL,0.03607031002720094,0.13750352374993502,0.05203845739957025,0.18954198114950527,0.003869325224425275,0.003869325224425275,False
RPL21P5,DIG,0.8106181447331543,0.523561956057013,1.1694747774611338,1.6930367335181469,1.5079120313576542,1.1213056452859866,True
LINC02356,NEUTRAL,-0.014041051680533758,0.13750352374993502,-0.0202569556283717,0.11724656812156332,-0.06842608780351582,-0.06842608780351599,False
DAZAP1,NEUTRAL,0.005773081797332857,0.13750352374993502,0.008328796479658456,0.14583232022959347,-0.03984033569548623,-0.03984033569548607,False
LINC00899,NEUTRAL,0.04433801306516431,0.13750352374993502,0.06396623157198261,0.20146975532191763,0.015797099396838443,0.015797099396838443,False
TNP1,NEUTRAL,0.0015195627378465255,0.13750352374993502,0.0021922656262108385,0.13969578937614585,-0.045976866548933765,-0.0459768665489336,False
SERPINA11,NEUTRAL,-0.03845187054023665,0.13750352374993502,-0.05547432294130385,0.08202920080863117,-0.1036434551164498,-0.10364345511644998,False
TMEM170B,DSG,0.06093035806138405,1.1538053360790355,0.08790392541474765,1.241709261493783,1.0560844715484148,0.039734793239602266,False
GUCY1B1,NEUTRAL,0.003922843532183604,0.13750352374993502,0.005659466910064631,0.14316299065999966,-0.04250966526507968,-0.042509665265080016,False
SRGN,NEUTRAL,0.07098851493791813,0.13750352374993502,0.1024147784610066,0.23991830221094163,0.05424564628586152,0.05424564628586152,False
MPC2,DCG,-0.8961111633272605,1.2403143293337107,-1.2928151314174787,-0.05250080208376806,-0.2420439743445228,-1.3409842635926241,True
KIZ,DSG,-0.07420937922291423,1.3504972470841334,-0.10706150339234684,1.2434357436917867,1.055050625030828,-0.15523063556749225,False
FTMT,NEUTRAL,-0.005402936990961741,0.13750352374993502,-0.007794790403096042,0.12970873334683897,-0.05596392257823968,-0.05596392257824018,False
DSN1,DSG,0.057061155795511645,1.2927817492278462,0.08232184649357718,1.3751035957214233,1.194451419917484,0.03415271431843285,False
FCER1G,DCG,-0.8476952175518122,1.2249663650002742,-1.2229656865472904,0.002000678452983795,-0.177139565150893,-1.271134818722437,True
LYRM9,DIG,-1.2437816763493297,0.5484366246960424,-1.7943976564177397,-1.2459610317216974,-1.4127465488980269,-1.8425667885928867,True
CEP192,DIG,1.4616508158951869,0.49825086752782544,2.1087163836032934,2.6069672511311186,2.415469699067807,2.060547251428147,True
SFMBT2,DSG,0.009381679012305227,-0.7369655941662062,0.013534901786264819,-0.7234306923799414,-0.9091033483050218,-0.034634230388880666,False
RXFP2,NEUTRAL,0.01172438581495383,0.13750352374993502,0.0169147132727028,0.15441823702263782,-0.03125441890244099,-0.03125441890244115,False
MYO1G,DIG,-1.345410015328783,0.523561956057013,-1.9410163570771795,-1.4174544010201666,-1.6036026742256213,-1.9891854892523255,True
GNPAT,DCG,0.8447522299300491,-0.7369655941662062,1.2187198528999752,0.481754258733769,0.29608160280868934,1.1705507207248307,True
TFAP2B,DIG,0.5602284146584849,0.632268215499513,0.808238755592882,1.440506971092395,1.248970994518544,0.7600696234177372,True
ASF1A,DIG,-1.156059668744065,0.4329594072761063,-1.6678415510688005,-1.2348821437926942,-1.4230095102375004,-1.716010683243947,True
LINC00937,DIG,-1.5248382885816647,0.560714954474479,-2.199876637094382,-1.639161682619903,-1.819445926525612,-2.2480457692695257,True
ALX4,DIG,0.6371589404114996,0.4329594072761063,0.9192260435897369,1.3521854508658433,1.169061824784716,0.8710569114145905,True
IL24,DCG,-0.8137654347412926,1.1779177921958432,-1.1740153571481142,0.003902435047729025,-0.18441300930065457,-1.222184489323259,True
EEF1B2P6,DIG,-1.4316556392028577,0.5484366246960424,-2.0654424909386817,-1.5170058662426393,-1.7048207212689366,-2.113611623113827,True
KRT31,DIG,1.672579388870819,0.4462562298895641,2.4130219898170235,2.859278219706588,2.6621304789537006,2.364852857641877,True
SHLD3,NEUTRAL,-0.037947759651434446,0.13750352374993502,-0.05474704466197078,0.08275647908796424,-0.10291617683711507,-0.1029161768371149,False
INSM1,DSG,0.05742559188815609,1.4262647547020981,0.08284761663715627,1.5091123713392545,1.3261212375196871,0.03467848446201153,False
DRAP1,DIG,1.0582711895510626,0.45943161863729726,1.5267625970809822,1.9861942157182795,1.8016855949546224,1.4785934649058357,True
VPS52,DIG,1.1826214710555565,0.5728896684205812,1.7061621315406623,2.2790517999612434,2.09472779547065,1.6579929993655158,True
LINC01028,DSG,-0.006880039855806091,1.2854022188622483,-0.009925799381089867,1.2754764194811583,1.0861678803416552,-0.058094931556236275,False
TMEM171,NEUTRAL,0.04052132763700063,0.13750352374993502,0.05845991843213771,0.19596344218207273,0.010290786256991901,0.01029078625699222,False
RPL36AP26,DIG,-1.030407569523611,0.4854268271702419,-1.4865638906461633,-1.0011370634759214,-1.1658892566792678,-1.5347330228213036,True
ELFN2,NEUTRAL,-0.009042923649316923,0.13750352374993502,-0.013046181104007052,0.12445734264592796,-0.061215313279150835,-0.0612153132791505,False
FAM117A,DSG,0.02868463501115238,1.2927817492278462,0.041383180680299475,1.3341649299081457,1.1505487456468155,-0.006785951494845023,False
DLG2,NEUTRAL,0.00376827468353672,0.13750352374993502,0.005436471198645854,0.14293999494858087,-0.04273266097649831,-0.04273266097649848,False
SRARP,NEUTRAL,0.005244642458818234,0.13750352374993502,0.007566419666572766,0.14506994341650778,-0.04060271250857273,-0.04060271250857289,False
CCDC171,DIG,0.7955781079549954,0.405992359675837,1.1477765909864963,1.5537689506623333,1.363603327804134,1.0996074588113496,True
LINGO1,NEUTRAL,-0.04125986934848641,0.13750352374993502,-0.059525408896787896,0.07797811485314712,-0.10769454107193306,-0.10769454107193288,False
PCDH9,NEUTRAL,0.0505940311405774,0.13750352374993502,0.0729917578250928,0.21049528157502784,0.02482262564994664,0.02482262564994664,False
CDKN1B,DIG,1.670932704219447,0.4724877714627438,2.4106463260365816,2.883134097499325,2.69859576889118,2.362477193861437,True
VANGL2,DCG,-0.8687413026075423,1.3001237245690138,-1.2533287690873196,0.04679495548169421,-0.1345073171140121,-1.3014979012624655,True
KLK8,DIG,-1.5070411614585253,0.523561956057013,-2.174200810051758,-1.650638853994745,-1.8401538381629776,-2.2223699422269045,True
AADACL3,NEUTRAL,0.01995825424660082,0.13750352374993502,0.028793674426372103,0.16629719817630711,-0.01937545774877304,-0.01937545774877304,False
SERPINB2,NEUTRAL,0.007304718538156971,0.13750352374993502,0.01053848121008874,0.14804200496002376,-0.037630650965057126,-0.03763065096505663,False
PAIP1,DSG,0.019065663802454245,1.0268000593437154,0.02750593861905696,1.0543059979627725,0.8651732869470484,-0.02066319355608892,False
UBR4,NEUTRAL,-0.010144889593885952,0.13750352374993502,-0.014635981907465312,0.1228675418424697,-0.06280511408260878,-0.06280511408260912,False
SSR1,DIG,-1.1938098166906201,0.49825086752782544,-1.7223035023041202,-1.2240526347762948,-1.4079790968280415,-1.7704726344792676,True
NFIA,NEUTRAL,-0.04468354015153644,0.13750352374993502,-0.0644647217859845,0.07303880196395052,-0.11263385396112993,-0.1126338539611301,False
FDXR,DSG,0.1738433997994532,-0.7369655941662062,0.25080301078194855,-0.48616258338425766,-0.6718352393093375,0.2026338786068035,True
TMEM132E,NEUTRAL,-0.04574848259409376,0.13750352374993502,-0.06600110896669413,0.07150241478324089,-0.11417024114183943,-0.11417024114183943,False
LRP1B,NEUTRAL,0.0011144735163550325,0.13750352374993502,0.0016078454152474904,0.13911136916518252,-0.04656128675989804,-0.04656128675989821,False
LINC01841,DIG,-1.1801369456647706,0.5728896684205812,-1.7025777190804126,-1.1296880506598312,-1.3185986161758376,-1.7507468512555453,True
SMCO4,NEUTRAL,0.01355205783463456,0.13750352374993502,0.019551486631867704,0.15705501038180272,-0.028617645543278235,-0.02861764554327856,False
TBX19,DCG,-0.9347066253646535,1.3219280948873624,-1.3484966130996439,-0.026568518212281456,-0.2091840939556765,-1.3966657452747882,True
LINC02600,NEUTRAL,-0.04390314095082091,0.13750352374993502,-0.0633388437291985,0.07416468002073652,-0.11150797590434372,-0.11150797590434407,False
SYNPO2,NEUTRAL,0.014821526048920607,0.13750352374993502,0.021382942129184353,0.15888646587911937,-0.02678619004595915,-0.026786190045959314,False
CNBD2,DCG,-1.1279540434240716,1.4659744645040693,-1.6272937047985625,-0.16131924029449318,-0.34209483851077793,-1.6754628369737088,True
AADAC,DSG,-0.1377434015249266,1.485426827170242,-0.1987217222951889,1.286705104875053,1.1025108051881445,-0.24689085447033315,False
MSH3,NEUTRAL,0.055467896267719995,0.13750352374993502,0.08002325887398308,0.2175267826239181,0.031854126698838185,0.03185412669883787,False
NPY,DSG,0.06494999676499053,1.1210154009613662,0.09370303823860605,1.2147184391999724,1.0271797675030827,0.04553390606346238,False
DENND1C,NEUTRAL,-0.012325122012593661,0.13750352374993502,-0.017781392405920277,0.11972213134401474,-0.0659505245810661,-0.0659505245810661,False
IRAK2,DIG,1.2816752096814052,0.5109619192773794,1.849066469037686,2.3600283883150652,2.178737812944356,1.8008973368625387,True
MRPS36P1,DIG,-1.7214933476947114,0.3645724322958561,-2.4835899156425003,-2.119017483346644,-2.299016439058574,-2.531759047817646,True
COQ10B,NEUTRAL,0.10962904776748365,0.13750352374993502,0.15816128355152795,0.29566480730146294,0.10999215137638357,0.10999215137638386,False
ACKR1,DCG,-0.8889381484611848,1.2927817492278462,-1.2824666584419684,0.010315090785877779,-0.1733847815156269,-1.330635790617113,True
RPS6KA4,DIG,-1.5893200376112895,0.4195388915137848,-2.292904136647268,-1.8733652451334835,-2.045626017091528,-2.3410732688224134,True
ZNF827,NEUTRAL,-0.0006652483525761249,0.13750352374993502,-0.0009597504992211281,0.1365437732507139,-0.0491288826743652,-0.0491288826743652,False
RPS6KA1,NEUTRAL,0.033750253143592424,0.13750352374993502,0.048691322839007935,0.18619484658894295,0.0005221906638632221,0.0005221906638632221,False
KCTD19,NEUTRAL,0.03131705898160261,0.13750352374993502,0.045180965687985256,0.18268448943792026,-0.002988166487159918,-0.0029881664871597574,False
KBTBD11-OT1,NEUTRAL,-0.0051290682803504135,0.13750352374993502,-0.007399681372442426,0.1301038423774926,-0.05556881354758696,-0.05556881354758729,False
CCT5,DSG,-0.004216282365927369,-0.7369655941662062,-0.006082809660311001,-0.7430484038265173,-0.9287210597515982,-0.05425194183545697,False
CD1D,DCG,-0.6396802790018122,1.1937717433966801,-0.922863566270383,0.2709081771262971,0.08210594694724523,-0.9710326984455283,True
GLIPR1L1,DIG,0.8793926949262117,0.5728896684205812,1.2686954799640269,1.841585148384608,1.6547535766694754,1.2205263477888801,True
PARM1-AS1,DIG,1.1177567898713627,0.53605290024021,1.6125821776673823,2.1486350779075924,1.9685557508595815,1.5644130454922354,True
NIPAL2,DCG,-0.797668282768168,1.1375035237499351,-1.1507920758240515,-0.013288552074116389,-0.19415938081801692,-1.1989612079991967,True
C6orf141,DIG,-1.220744838220487,0.523561956057013,-1.7611625242914966,-1.2376005682344835,-1.4351413294799729,-1.8093316564666422,True
CDK2AP1,NEUTRAL,0.059200951979632044,0.13750352374993502,0.08540891983692081,0.22291244358685583,0.03723978766177578,0.03723978766177547,False
LINC01134,NEUTRAL,0.008695021099551037,0.13750352374993502,0.012544263820747182,0.1500477875706822,-0.03562486835439746,-0.03562486835439779,False
DAND5,DIG,-1.4397671390215039,0.4854268271702419,-2.0771449115012146,-1.5917180843309726,-1.7870450725261835,-2.125314043676356,True
RETSAT,DIG,0.7283905929801477,0.3645724322958561,1.0508454963226306,1.4154179286184867,1.2438314089045541,1.0026763641474845,True
GGTA2P,DIG,1.6890433628243635,0.6553518286125543,2.4367744833931275,3.0921263120056817,2.9165734481374486,2.388605351217979,True
RPL32P3,DIG,-0.8724640880415054,0.4724877714627438,-1.2586996131711918,-0.786211841708448,-0.9652862883490269,-1.3068687453463381,True
SIRPB1,DSG,0.04600470627788737,1.0959244199985356,0.06637076160466147,1.162295181603197,0.9732710065084071,0.018201629429516416,False
ATP6V0D1,NEUTRAL,0.04099162601964403,0.13750352374993502,0.059138415576515446,0.19664193932645047,0.010969283401369836,0.010969283401369517,False
COPS7B,NEUTRAL,0.05789734015758709,0.13750352374993502,0.08352820552601233,0.22103172927594733,0.035359073350868464,0.035359073350868464,False
NT5C3AP2,DIG,1.5136452584705669,0.49825086752782544,2.18372850806058,2.681979375588406,2.504069627411099,2.1355593758854328,True
GTF3C2,DIG,-1.475257655431092,0.5484366246960424,-2.1283469035239158,-1.5799102788278734,-1.7555788654337647,-2.176516035699062,True
RPL31P52,NEUTRAL,0.013947296132942093,0.13750352374993502,0.020121694964805373,0.1576252187147404,-0.028047437210339175,-0.028047437210339338,False
HPGD,NEUTRAL,-0.013474270146381051,0.13750352374993502,-0.01943926271978215,0.11806426103015287,-0.06760839489492576,-0.06760839489492576,False
OTUD6B-AS1,DCG,-1.041447647299167,1.3785116232537298,-1.5024913561039863,-0.12397973285025654,-0.3103584915909346,-1.5506604882791322,True
ZNRF2,DSG,0.0914761503869923,1.3362833878644325,0.13197218852292683,1.4682555763873593,1.285065289665392,0.08380305634778083,False
ARL15,DIG,0.9002477877468407,0.4724877714627438,1.2987830189536271,1.771270790416371,1.5820646486463095,1.2506138867784813,True
PWWP2A,NEUTRAL,-0.014836572969409203,0.13750352374993502,-0.0214046502467539,0.11609887350318113,-0.06957378242189899,-0.06957378242189932,False
IQCF1,NEUTRAL,0.013739508288340408,0.13750352374993502,0.019821920471841517,0.15732544422177652,-0.02834721170330328,-0.028347211703302955,False
IFNAR1,DIG,1.3876541066595887,0.6667565918848036,2.001961698146993,2.668718290031797,2.4822555878930372,1.9537925659718476,True
GSTM2P1,DIG,0.920716406689423,0.4462562298895641,1.3283129939959366,1.7745692238855006,1.5851421869107372,1.2801438618207897,True
RPL23AP63,DIG,0.8106803490057566,0.45943161863729726,1.1695645192567392,1.6289961378940365,1.458372104305638,1.121395387081593,True
MTSS2,NEUTRAL,-0.015652077629348914,0.13750352374993502,-0.022581174775470763,0.11492234897446425,-0.07075030695061622,-0.07075030695061606,False
FBXO4,DSG,0.04780719487825695,1.1292830169449666,0.06897120296967356,1.1982542199146402,1.0010848322095416,0.02080207079452699,False
NDUFA3P1,DIG,1.0408285255130674,0.45943161863729726,1.5015981521734743,1.9610297708107716,1.7627896963312202,1.453429019998324,True
NOTCH1,NEUTRAL,0.000246851693792732,0.13750352374993502,0.0003561317144698154,0.13785965546440485,-0.047813000460673605,-0.04781300046067377,False
ERCC6,NEUTRAL,0.01602593778380589,0.13750352374993502,0.02312054096629182,0.16062406471622684,-0.02504859120885437,-0.025048591208854044,False
SEMA3F,NEUTRAL,0.05196848721295183,0.13750352374993502,0.07497467878462712,0.21247820253456212,0.026805546609482013,0.026805546609481385,False
BANF1,DIG,-0.5667305035515406,0.4724877714627438,-0.8176192869943127,-0.34513151553156896,-0.5280888719482983,-0.8657884191694578,True
CASP1P2,NEUTRAL,-0.004640888254393951,0.13750352374993502,-0.006695386469933992,0.130808137280001,-0.0548645186450787,-0.0548645186450787,False
FRMD4A,DSG,0.04533327502490818,1.4329594072761063,0.06540209106569053,1.4983614983417968,1.313352805941866,0.01723295889054611,False
PPIE,NEUTRAL,-0.018912390222581555,0.13750352374993502,-0.027284811585475327,0.11021871216445969,-0.07545394376062055,-0.07545394376062022,False
ADGRE5,DIG,-0.9478045584601277,0.49825086752782544,-1.3673929362223798,-0.8691420686945543,-1.0581717666870316,-1.4155620683975259,True
FOXP2,DIG,1.1668812303237468,0.4195388915137848,1.6834537642944818,2.1029926558082668,1.9225759815671881,1.6352846321193375,True
ZNF326,NEUTRAL,-0.02773484484216536,0.13750352374993502,-0.04001292311361681,0.0974906006363182,-0.08818205528876107,-0.08818205528876107,False
LINC02535,NEUTRAL,-0.04725452417595962,0.13750352374993502,-0.06817386768822457,0.06932965606171045,-0.11634299986336837,-0.11634299986336837,False
FANCD2OS,DIG,-0.6600210672218048,0.32192809488736235,-0.9522091205631389,-0.6302810256757765,-0.8138594536995364,-1.0003782527382856,True
ART1,NEUTRAL,0.01598471287739715,0.13750352374993502,0.02306106599825482,0.16056458974818985,-0.025108066176889206,-0.025108066176889533,False
PRDX5,DIG,1.4683017808479817,0.37851162325372983,2.1183116977578167,2.4968233210115467,2.320970328205092,2.070142565582672,True
LINC01524,DCG,-0.9655869896567187,1.2555007331483865,-1.393047561524651,-0.13754682837626442,-0.3224542225080493,-1.4412166936997841,True
SORCS3,NEUTRAL,-0.006441982751036872,0.13750352374993502,-0.009293816568413138,0.1282097071815219,-0.057462948743557875,-0.05746294874355754,False
PLAUR,DIG,1.6735516904547862,0.5484366246960424,2.4144247244904617,2.962861349186504,2.7753950845890074,2.3662555923153157,True
SSBP1,DIG,-1.3505769366004692,0.5109619192773794,-1.9484706487725048,-1.4375087294951254,-1.615095453628954,-1.99663978094765,True
GTF3C5,NEUTRAL,0.05425870747202659,0.13750352374993502,0.0782787681949377,0.21578229194487272,0.030109636019792958,0.030109636019792958,False
BCS1L,NEUTRAL,-0.016778947409337757,0.13750352374993502,-0.0242069042187883,0.11329661953114673,-0.07237603639393217,-0.0723760363939325,False
KCNA6,DIG,-1.0006132122306575,0.5728896684205812,-1.4435797191331454,-0.8706900507125642,-1.0493260924692427,-1.491748851308292,True
UPF3AP3,NEUTRAL,0.007758569202442376,0.13750352374993502,0.011193249312757456,0.14869677306269247,-0.03697588286238707,-0.03697588286238724,False
TBX18-AS1,NEUTRAL,0.005552958568504372,0.13750352374993502,0.008011225789043135,0.14551474953897817,-0.04015790638610192,-0.040157906386101755,False
ZIK1,DIG,-0.8121415657505381,0.6438561897747247,-1.1716726094080994,-0.5278164196333747,-0.7223892995225965,-1.219841741583246,True
ABCE1,NEUTRAL,0.008620852552278456,0.13750352374993502,0.012437261225407092,0.1499407849753421,-0.03573187094973841,-0.03573187094973857,False
TTLL7-IT1,NEUTRAL,0.008419028146644573,0.13750352374993502,0.012146090156268727,0.14964961390620374,-0.03602304201887552,-0.03602304201887536,False
NRN1L,NEUTRAL,-0.02238934902836485,0.13750352374993502,-0.0323010028119541,0.10520252093798091,-0.0804701349870978,-0.0804701349870978,False
VCP,DIG,0.5858987074446202,0.560714954474479,0.8452731596936073,1.4059881141680863,1.2127438728250552,0.7971040275184615,True
MAS1L,DIG,1.553910075514594,0.5484366246960424,2.2418183599322994,2.7902549846283415,2.608168404319806,2.193649227757154,True
BACH1-AS1,DIG,-0.7468645515403579,0.5849625007211562,-1.077497784723034,-0.49253528400187785,-0.6863990447720631,-1.1256669168981766,True
MIR922,DSG,0.0876557621127156,1.3074285251922473,0.12646053330535748,1.4338890584976047,1.249237956141978,0.07829140113021238,False
FZR1,NEUTRAL,-0.03689307058862134,0.13750352374993502,-0.05322544998137048,0.08427807376856454,-0.10139458215651655,-0.10139458215651621,False
MRPS16,NEUTRAL,9.575919406036657e-07,0.13750352374993502,1.3815131439041473e-06,0.13750490526307893,-0.048167750662001914,-0.04816775066200175,False
DHDDS,NEUTRAL,0.023372633860771454,0.13750352374993502,0.033719582963448444,0.17122310671338348,-0.014449549211695717,-0.014449549211695717,False
GNS,DIG,-1.046282323465225,0.5969351423872323,-1.5094663194330624,-0.9125311770458301,-1.086788585456605,-1.5576354516082072,True
SETBP1,NEUTRAL,0.025935950869687873,0.13750352374993502,0.037417667700438494,0.17492119145037352,-0.010751464474707269,-0.010751464474707107,False
ALDH4A1,NEUTRAL,-0.05899709071824229,0.13750352374993502,-0.08511481020608444,0.05238871354385058,-0.1332839423812284,-0.1332839423812284,False
TAPT1-AS1,NEUTRAL,0.019743958288282824,0.13750352374993502,0.028484510710024176,0.1659880344599592,-0.01968462146512096,-0.01968462146512096,False
CBR1,DIG,1.26231949329041,0.45943161863729726,1.8211420729875436,2.280573691624841,2.106090078485528,1.7729729408123966,True
NAXD,NEUTRAL,0.026215253094879428,0.13750352374993502,0.037820615635631605,0.17532413938556662,-0.010348516539514003,-0.01034851653951368,False
TGS1,DCG,-1.0467394664417726,1.4195388915137848,-1.5101258373383049,-0.0905869458245201,-0.27600995727929084,-1.5582949695134511,True
RARS2,DIG,1.6610236226619344,0.4329594072761063,2.3963505432137935,2.8293099504899,2.645034697198165,2.348181411038648,True
RUBCNL,NEUTRAL,-0.026383600272844986,0.13750352374993502,-0.038063489274430165,0.09944003447550485,-0.08623262144957619,-0.08623262144957602,False
LONRF2,NEUTRAL,0.022208715198022456,0.13750352374993502,0.03204040328070235,0.16954392703063736,-0.016128728894442543,-0.01612872889444238,False
LINC01934,NEUTRAL,-0.012144403905259225,0.13750352374993502,-0.017520671288670044,0.11998285246126497,-0.0656898034638155,-0.06568980346381517,False
ATP13A4,DSG,0.09657514540183708,1.3074285251922473,0.13932848334436093,1.4467570085366082,1.258455330886785,0.09115935116921665,False
BRD7,NEUTRAL,0.06238642872137336,0.13750352374993502,0.09000459133509814,0.22750811508503316,0.04183545915995279,0.041835459159953105,False
ATP9B,NEUTRAL,-0.00956040019027308,0.13750352374993502,-0.013792741943420875,0.12371078180651414,-0.06196187411856475,-0.06196187411856475,False
ITLN1,DCG,2.0794415416798357,-3.321928094887362,3.0,-0.3219280948873622,-0.5076007508124403,2.9518308678248557,True
ABCG5,DIG,-1.1422356655690313,0.4724877714627438,-1.647897730242946,-1.1754099587802023,-1.3700465541710312,-1.6960668624180875,True
CALHM3,NEUTRAL,-0.07887645642462056,0.13750352374993502,-0.1137946725266945,0.023708851223240526,-0.1619638047018394,-0.16196380470183958,False
SLC37A4,NEUTRAL,0.012339149206836998,0.13750352374993502,0.017801629369492724,0.15530515311942775,-0.03036750280565045,-0.030367502805651106,False
ARID1B,NEUTRAL,0.02251294033166502,0.13750352374993502,0.03247930737232226,0.1699828311222573,-0.01568982480282201,-0.015689824802821523,False
HMGA2-AS1,DIG,-0.8804858755783376,0.608809242675524,-1.2702726062696446,-0.6614633635941205,-0.8375240952386146,-1.3184417384447902,True
VIPAS39,NEUTRAL,0.009599307919349074,0.13750352374993502,0.013848873931211063,0.15135239768114608,-0.034320258243935045,-0.03432025824393488,False
LINC00189,DIG,-0.5920275427704331,0.4462562298895641,-0.8541152000245825,-0.40785897013501843,-0.586853786295643,-0.9022843321997245,True
DYNLL1P2,NEUTRAL,-0.009413478755832427,0.13750352374993502,-0.013580779118553052,0.12392274463138196,-0.06174991129369666,-0.061749911293696495,False
CHN2,DSG,-0.06979444111446766,1.4918530963296748,-0.10069209407745927,1.3911610022522156,1.203706402207808,-0.1488612262526051,False
FAM200A,DSG,-0.016405903537282232,1.3854310371935206,-0.02366871567453978,1.3617623215189807,1.1700234425502791,-0.07183784784968644,False
RNU6-388P,DSG,-0.08922937153011119,1.1210154009613662,-0.12873077180813028,0.9922846291532359,0.8049454650674858,-0.1768999039832735,False
AMZ1,DIG,-1.2697741396102498,0.5728896684205812,-1.8318968542647578,-1.2590071858441765,-1.4322252774291468,-1.8800659864399045,True
PDP2,NEUTRAL,0.002180469437990579,0.13750352374993502,0.0031457524449989534,0.14064927619493398,-0.04502337973014698,-0.04502337973014681,False
MLIP,DIG,1.1323591835597349,0.6438561897747247,1.633648978626705,2.27750516840143,2.0862649590919626,1.5854798464515591,True
SEC61B,NEUTRAL,0.014114889151082097,0.13750352374993502,0.020363480580963572,0.1578670043308986,-0.02780565159418044,-0.02780565159418044,False
IL20RB-AS1,DIG,-1.6867336038139709,0.53605290024021,-2.4334422055231855,-1.8973893052829753,-2.087373568204171,-2.4816113376983,True
IRAK3,DIG,1.1744211396534592,0.608809242675524,1.6943315540932105,2.3031407967687345,2.1255788203705253,1.646162421918064,True
RN7SL431P,DCG,-0.7964554517308796,1.232660756790275,-1.1490423305011193,0.08361842628915572,-0.10929589634046323,-1.1972114626762589,True
RPL22,NEUTRAL,-0.020487223794504735,0.13750352374993502,-0.029556816169914353,0.10794670758002067,-0.07772594834505804,-0.07772594834505821,False
IQCH,NEUTRAL,-0.006054764410129688,0.13750352374993502,-0.008735178588245091,0.12876834516168992,-0.056904310763390996,-0.05690431076339116,False
RPL27AP5,NEUTRAL,0.020938940712372404,0.13750352374993502,0.030208505927207686,0.16771202967714272,-0.017960626247937532,-0.017960626247937855,False
MYL3,NEUTRAL,-0.0017902911215204565,0.13750352374993502,-0.002582844122765103,0.13492067962716991,-0.05075197629791101,-0.050751976297910846,False
LEPROTL1,NEUTRAL,0.005542999426108035,0.13750352374993502,0.007996857783696432,0.14550038153363146,-0.040172274391448146,-0.04017227439144782,False
CSGALNACT2,DIG,0.6030501042979557,0.53605290024021,0.8700173948782329,1.406070295118443,1.2103223613190695,0.8218482627030879,True
HAGLROS,NEUTRAL,0.041121248507867525,0.13750352374993502,0.05932542129746317,0.19682894504739817,0.011156289122317654,0.011156289122317654,False
SLC39A7,DIG,-1.1563340741886268,0.608809242675524,-1.6682374344428625,-1.0594281917673385,-1.2431775129030251,-1.716406566618008,True
SAA4,NEUTRAL,0.02812925103891167,0.13750352374993502,0.04058193097775859,0.1780854547276936,-0.007587201197385464,-0.0075872011973853026,False
RAB35,DIG,-1.3872801097327292,0.4195388915137848,-2.0014221346353054,-1.5818832431215206,-1.7806819267663887,-2.0495912668104497,True
MMP12,NEUTRAL,-0.008085258563522376,0.13750352374993502,-0.011664562433898757,0.12583896131603625,-0.059833694609043024,-0.05983369460904319,False
ESYT3,DIG,1.29067502731234,0.560714954474479,1.8620504613027402,2.4227654157772194,2.242475477498712,1.8138813291275928,True
CLEC12A-AS1,DIG,-0.8548681593168461,0.523561956057013,-1.2333140540602903,-0.7097520980032773,-0.8824322904605276,-1.2814831862354248,True
MCU,NEUTRAL,-0.044213865886667134,0.13750352374993502,-0.06378712505322438,0.07371639869671064,-0.11195625722836836,-0.11195625722836801,False
NELFA,NEUTRAL,-0.03273142471375322,0.13750352374993502,-0.04722146411576223,0.0902820596341728,-0.09539059629090807,-0.0953905962909079,False
DNAH12,NEUTRAL,0.030351577132910864,0.13750352374993502,0.04378806981280937,0.18129159356274438,-0.004381062362334153,-0.004381062362334153,False
PPP1CA,DSG,0.030211355941872086,-3.321928094887362,0.04358577339587018,-3.278342321491492,-3.464014977416571,-0.004583358779273782,False
MMUT,DIG,0.5813142672475817,0.5849625007211562,0.8386592105560877,1.423621711277244,1.2287448758587423,0.7904900783809409,True
ATP8A2,NEUTRAL,0.047791641822647855,0.13750352374993502,0.06894876465347564,0.20645228840341068,0.020779632478331717,0.02077963247833235,False
ZRSR2P1,NEUTRAL,0.008904295246688199,0.13750352374993502,0.012846182595008235,0.15034970634494327,-0.03532294958013581,-0.03532294958013581,False
OLA1,NEUTRAL,-0.02469740527423198,0.13750352374993502,-0.035630824111959405,0.10187269963797561,-0.0837999562871041,-0.08379995628710377,False
COX6B1P4,NEUTRAL,-0.035157657738706834,0.13750352374993502,-0.050721778468903835,0.08678174528103119,-0.09889091064404844,-0.0988909106440486,False
KLHDC10,DIG,1.5302157049321885,0.53605290024021,2.2076346089960777,2.743687509236288,2.561292200581009,2.1594654768209325,True
RPL22P2,NEUTRAL,-0.027078035349154997,0.13750352374993502,-0.039065347315241965,0.09843817643469305,-0.08723447949038544,-0.08723447949038544,False
TEX41,NEUTRAL,0.007040251727049488,0.13750352374993502,0.010156936253224258,0.14766046000315927,-0.038012195921920025,-0.03801219592191986,False
NECTIN1,NEUTRAL,0.007365516802176949,0.13750352374993502,0.01062619456408502,0.14812971831402005,-0.037542937611060805,-0.03754293761106113,False
UXS1,NEUTRAL,-0.034184211212221746,0.13750352374993502,-0.04931739199257321,0.08818613175736181,-0.09748652416771937,-0.09748652416771954,False
KCNA5,DSG,0.016306430102300498,1.3645724322958561,0.02352520584319144,1.3880976381390475,1.1968926860440559,-0.02464392633195393,False
PSORS1C2,DIG,-1.1233531600228055,0.49825086752782544,-1.6206560331318478,-1.1224051656040224,-1.3119971616190778,-1.6688251653069928,True
EVX1,DSG,0.004902852559674213,1.371558862611963,0.007073321074051748,1.3786321836860147,1.1929173995030409,-0.041095811101093005,False
KLF3-AS1,NEUTRAL,0.0039155446941203,0.13750352374993502,0.005648936912586451,0.14315246066252146,-0.04252019526255836,-0.04252019526255836,False
MED27,NEUTRAL,0.035457178307854345,0.13750352374993502,0.051153895308657195,0.1886574190585922,0.00298476313351312,0.00298476313351312,False
SNRPN,NEUTRAL,-0.020448459698263668,0.13750352374993502,-0.029500891400502823,0.10800263234943219,-0.0776700235756475,-0.0776700235756475,False
UQCC2,DIG,-1.4279535351540869,0.5484366246960424,-2.0601014837866654,-1.511664859090623,-1.697919790755244,-2.1082706159618114,True
USP46,NEUTRAL,0.08379249126531002,0.13750352374993502,0.12088701161219456,0.2583905353621296,0.07271787943704967,0.07271787943704967,False
ATP5PBP5,NEUTRAL,-0.0357419700039043,0.13750352374993502,-0.05156476287623482,0.0859387608737002,-0.09973389505138006,-0.0997338950513804,False
ARL6IP1P3,DIG,-1.2710266130841823,0.4195388915137848,-1.833703791534445,-1.4141649000206602,-1.5973930975417976,-1.88187292370959,True
TOR1AIP2,DCG,0.7398590818610357,-0.7369655941662062,1.0673910283575778,0.3304254341913716,0.1447527782662916,1.0192218961824329,True
ANKRD44-AS1,NEUTRAL,-0.00962010941717466,0.13750352374993502,-0.013878884148967097,0.12362463960096792,-0.06204801632411161,-0.06204801632411194,False
S100A1,DCG,-0.8208570530747512,1.1210154009613662,-1.1842463997496722,-0.06323099878830596,-0.24875033838714977,-1.2324155319248187,True
KLF14,DIG,-1.482649405644515,0.405992359675837,-2.1390109449003107,-1.7330185852244737,-1.9064124723707256,-2.187180077075455,True
OST4,DIG,1.2332646694806362,0.405992359675837,1.7792248227632803,2.1852171824391173,2.00602448885238,1.7310556905881345,True
LINC00887,DSG,0.007541070166540995,-3.321928094887362,0.010879464532264403,-3.311048630355098,-3.496721286280174,-0.037289667642881066,False
FAM167B,NEUTRAL,0.010665154023500944,0.13750352374993502,0.015386564820021787,0.1528900885699568,-0.03278256735512277,-0.03278256735512326,False
DOT1L,NEUTRAL,-0.010488963757649072,0.13750352374993502,-0.015132375997224385,0.12237114775271063,-0.06330150817236813,-0.06330150817236829,False
RPL31P17,NEUTRAL,0.02176807452135239,0.13750352374993502,0.03140469316165649,0.16890821691159152,-0.016764439013488248,-0.016764439013488574,False
ITGB1,DIG,1.2679039386176956,0.5728896684205812,1.8291987245673342,2.4020883929879155,2.228554454281803,1.7810295923921893,True
OPN3,DCG,0.821105496859164,-0.7369655941662062,1.1846048283653843,0.44763923419917806,0.2619665782740985,1.13643569619024,True
SCRG1,NEUTRAL,0.01990031408053229,0.13750352374993502,0.028710084436116747,0.16621360818605177,-0.01945904773902833,-0.01945904773902784,False
RGMB,NEUTRAL,0.027806390431978367,0.13750352374993502,0.04011614158123751,0.17761966533117252,-0.008052990593907518,-0.008052990593907357,False
SPAG16,NEUTRAL,0.01842055883992994,0.13750352374993502,0.026575248888770282,0.1640787726387053,-0.021593883286374946,-0.021593883286374783,False
EEF1G,DIG,1.5017420958167575,0.405992359675837,2.1665558743290347,2.5725482340048718,2.3880495763528624,2.118386742153891,True
DCTN2,DIG,0.5628081934570621,0.5109619192773794,0.8119605896721799,1.3229225089495593,1.1318317247162921,0.7637914574970341,True
MFSD1,DSG,0.0564034877110997,1.0874628412503395,0.08137303200964513,1.1688358732599846,0.9761096469238584,0.0332038998344985,False
METTL26,DSG,-0.21509170266072694,1.4918530963296748,-0.31031173276499424,1.1815413635646805,0.9979661198447182,-0.35848086494014003,True
MTFMT,NEUTRAL,0.013480233824762206,0.13750352374993502,0.0194478664890081,0.1569513902389431,-0.028721265686137608,-0.028721265686137445,False
GSTA1,DIG,-1.3217823767865298,0.608809242675524,-1.906928880124354,-1.29811963744883,-1.4908146907090913,-1.9550980122994999,True
NARF-IT1,DSG,0.08131900383902443,1.4195388915137848,0.11731852356859114,1.536857415082376,1.350863752348159,0.0691493913934447,False
TMPO,NEUTRAL,-0.012377223014363187,0.13750352374993502,-0.017856558262798517,0.1196469654871365,-0.06602569043794343,-0.0660256904379436,False
SCN3B,NEUTRAL,0.018601907541104044,0.13750352374993502,0.026836879760625817,0.16434040351056084,-0.021332252414519363,-0.021332252414519037,False
TMEM221,DIG,-1.609152832742111,0.49825086752782544,-2.321516811829471,-1.8232659443016457,-2.0074107655641185,-2.369685944004616,True
LINC00377,NEUTRAL,-0.0342079058908473,0.13750352374993502,-0.04935157618792176,0.08815194756201325,-0.09752070836306609,-0.09752070836306609,False
HNRNPCP2,NEUTRAL,0.012933902322897345,0.13750352374993502,0.018659676740586245,0.15616320049052126,-0.02950945543455794,-0.02950945543455794,False
IMPA1P1,DCG,-0.880644777549745,1.3362833878644325,-1.2705018533557815,0.06578153450865099,-0.1213197425399974,-1.3186709855309124,True
SRM,NEUTRAL,0.0036564705172945724,0.13750352374993502,0.005275171882457582,0.1427786956323926,-0.04289396029268819,-0.042893960292688355,False
TUBGCP4,NEUTRAL,0.03867700165592393,0.13750352374993502,0.055799118485455684,0.1933026422353907,0.007629986310309562,0.00762998631030988,False
IL5RA,DIG,-1.3821035608971322,0.4462562298895641,-1.99395395330127,-1.547697723411706,-1.7412717813940064,-2.042123085476411,True
SNORD11,NEUTRAL,0.021337788740754066,0.13750352374993502,0.03078392199982225,0.16828744574975726,-0.017385210175322147,-0.017385210175321984,False
KRT8P31,NEUTRAL,0.0020756305003949015,0.13750352374993502,0.0029945018296376018,0.1404980255795726,-0.04517463034550776,-0.04517463034550776,False
STK24,DIG,-1.4436943279562975,0.32192809488736235,-2.0828106475020753,-1.760882552614713,-1.9244638576188664,-2.1309797796772205,True
ZNF22,DIG,-0.5957470169665209,0.5484366246960424,-0.8594812670019928,-0.3110446423059504,-0.497048023894891,-0.9076503991771403,True
ZNFX1,DCG,-0.9035327472301493,1.2779847472997656,-1.3035222137097178,-0.025537466409952136,-0.2154074292237529,-1.3516913458848638,True
POU3F3,NEUTRAL,-0.013434788175134934,0.13750352374993502,-0.019382302275660856,0.11812122147427416,-0.0675514344508041,-0.06755143445080443,False
RPSAP47,DCG,-0.84504063053371,1.1937717433966801,-1.2191359270206663,-0.02536418362398618,-0.21082780729318626,-1.267305059195811,True
ZDBF2,NEUTRAL,-0.026277338781889682,0.13750352374993502,-0.03791018634839148,0.09959333740154354,-0.08607931852353674,-0.08607931852353674,False
SENP8,NEUTRAL,0.02035402261385938,0.13750352374993502,0.029364647487156743,0.16686817123709177,-0.01880448468798899,-0.018804484687989478,False
CD1A,DCG,-1.0107229793953343,1.3219280948873624,-1.4581650300861668,-0.13623693519880442,-0.3273606020897862,-1.5063341622613118,True
YPEL4,DIG,-1.1885624359052396,0.45943161863729726,-1.7147331320673955,-1.2553015134300982,-1.4485274972380084,-1.762902264242542,True
FAM215A,NEUTRAL,0.025829119551199,0.13750352374993502,0.03726354268704297,0.17476706643697798,-0.010905589488102033,-0.010905589488101549,False
DENND4C,NEUTRAL,-0.019212355250017864,0.13750352374993502,-0.027717569642997816,0.1097859541069372,-0.0758867018181418,-0.0758867018181418,False
IER2,DIG,1.313866076255329,0.5849625007211562,1.8955080726058038,2.48047057332696,2.2833065884154613,1.8473389404306566,True
AS3MT,NEUTRAL,-0.028637148661015088,0.13750352374993502,-0.041314672358446485,0.09618885139148853,-0.08948380453359209,-0.08948380453359243,False
FAM135A-AS1,DIG,0.686985118842395,0.49825086752782544,0.9911100241184385,1.489360891646264,1.3004845561429863,0.9429408919432888,True
CRTAP,NEUTRAL,0.07037033536485289,0.13750352374993502,0.10152293385656651,0.23902645760650154,0.05335380168142139,0.0533538016814217,False
NEO1,NEUTRAL,-0.025656428238495427,0.13750352374993502,-0.03701440178660092,0.1004891219633341,-0.0851835339617454,-0.08518353396174505,False
PRKCD,NEUTRAL,-0.010315008245088278,0.13750352374993502,-0.014881411241917629,0.12262211250801738,-0.06305054341706252,-0.06305054341706269,False
SS18L1,DCG,-0.8825433676202942,1.3785116232537298,-1.2732409398352438,0.105270683418486,-0.08229307474154123,-1.3214100720103883,True
SEMA6A,NEUTRAL,-0.09267788766496131,0.13750352374993502,-0.1337059289343041,0.0037975948156309114,-0.18187506110945023,-0.18187506110945023,False
ERMARD,NEUTRAL,0.0008384937054312419,0.13750352374993502,0.001209690710642264,0.13871321446057727,-0.04695944146450156,-0.046959441464501234,False
SCUBE3,DIG,-0.6706745904507664,0.5849625007211562,-0.9675789056935572,-0.382616404972401,-0.5753338113338187,-1.015748037868702,True
ADAMTS3,DIG,1.1908257274325602,0.4462562298895641,1.717998371529947,2.164254601419511,1.9854756200268608,1.6698292393548015,True
ZNF730,DIG,0.6299556720423629,0.5969351423872323,0.9088339240353912,1.5057690664226235,1.3142735289762182,0.860664791860243,True
HPR,NEUTRAL,-0.02039655828340176,0.13750352374993502,-0.029426013486666427,0.10807751026326859,-0.07759514566181053,-0.07759514566181086,False
USP3-AS1,NEUTRAL,-0.06847530806777184,0.13750352374993502,-0.09878898737271846,0.03871453637721656,-0.14695811954786311,-0.14695811954786275,False
TARS1,DSG,0.015543792890461386,1.1779177921958432,0.02242495291967377,1.200342745115517,1.018828614545255,-0.025744179255471743,False
MMP27,NEUTRAL,0.010041771584392666,0.13750352374993502,0.014487214066543009,0.15199073781647804,-0.03368191810860334,-0.03368191810860268,False
YEATS4,DSG,0.06597887292894294,1.1699250014423124,0.09518739277802907,1.2651123942203415,1.0799800103769663,0.04701826060288322,False
TNN,DCG,-0.7272964895541858,1.1127001327493624,-1.0492670387357756,0.06343309401358677,-0.11972915029333556,-1.0974361709109226,True
UQCRH,NEUTRAL,0.040719810855015436,0.13750352374993502,0.05874626918646735,0.19624979293640238,0.01057713701132367,0.01057713701132367,False
PRELID1P5,DCG,-0.7968947161138957,1.2403143293337107,-1.1496760550481357,0.09063827428557492,-0.08847842925775436,-1.19784518722328,True
TAC1,DIG,0.7011444378681377,0.53605290024021,1.0115376034592423,1.5475905036994524,1.360666936734586,0.9633684712840958,True
ZDHHC20P4,NEUTRAL,-0.01105015987107889,0.13750352374993502,-0.015942010847035743,0.12156151290289928,-0.06411114302218072,-0.06411114302218089,False
DPP9,NEUTRAL,-0.03986818778396939,0.13750352374993502,-0.057517636805162586,0.07998588694477243,-0.10568676898030831,-0.10568676898030813,False
OTUD7A,NEUTRAL,0.037806083496734956,0.13750352374993502,0.0545426491761736,0.19204617292610862,0.006373517001028708,0.006373517001028389,False
LINC01055,NEUTRAL,0.008709084028843662,0.13750352374993502,0.012564552339098027,0.15006807608903305,-0.0356045798360462,-0.0356045798360462,False
RTP4,DSG,0.07486763812036498,1.446256229889564,0.10801117023932008,1.554267400128884,1.3673355630310347,0.05984203806417384,False
CCM2L,DSG,0.1500671935069272,1.3923174227787602,0.21650119587256833,1.6088186186513287,1.4205717774696247,0.16833206369742368,False
CHERP,DIG,1.518530071934082,0.405992359675837,2.190775804220061,2.596768163895898,2.408893161987872,2.142606672044915,True
EIF4G3,NEUTRAL,0.035276596247418704,0.13750352374993502,0.05089337046559318,0.1883968942155282,0.002724238290448758,0.002724238290448758,False
BCAR1,NEUTRAL,0.022077165025200206,0.13750352374993502,0.03185061649874361,0.16935414024867862,-0.016318515676401312,-0.016318515676401472,False
PLIN2,DIG,1.5960715800873015,0.3645724322958561,2.302644553495762,2.667216985791618,2.4773728074471166,2.2544754213206155,True
ACVR2B,NEUTRAL,-0.021488329437728063,0.13750352374993502,-0.031001106316798605,0.10650241743313642,-0.07917023849194404,-0.07917023849194388,False
MMADHC-DT,NEUTRAL,-0.05166018420646954,0.13750352374993502,-0.07452989156608396,0.06297363218385106,-0.1226990237412277,-0.1226990237412277,False
MRPL16,DIG,-1.6359821756175035,0.523561956057013,-2.3602233717461094,-1.8366614156890964,-2.031169948291916,-2.408392503921255,True
UBTD2,DIG,0.6410863114939797,0.4462562298895641,0.9248920423741618,1.3711482722637258,1.1812437088091026,0.8767229101990167,True
KLHL2P1,NEUTRAL,-0.0011989726565208388,0.13750352374993502,-0.0017297519057240804,0.13577377184421094,-0.04989888408086935,-0.04989888408086952,False
RAD54L2,NEUTRAL,-0.024386328494482842,0.13750352374993502,-0.03518203518447962,0.10232148856545539,-0.08335116735962463,-0.08335116735962446,False
PPP3R1,DIG,-0.9307816930792574,0.5109619192773794,-1.3428341327556779,-0.8318722134782984,-1.0159959892340729,-1.3910032649308246,True
SLC35E3,DSG,0.04897974391059873,-0.7369655941662062,0.07066283364383219,-0.666302760522374,-0.8519754164474556,0.022493701468685467,False
SEPTIN7P7,NEUTRAL,-0.049885676743626955,0.13750352374993502,-0.0719698184494205,0.06553370530051451,-0.12013895062456434,-0.12013895062456399,False
TBC1D2B,NEUTRAL,0.0059113350422343395,0.13750352374993502,0.008528253750464633,0.14603177750039964,-0.03964087842467905,-0.039640878424679546,False
ACAP1,NEUTRAL,-0.023208938152624866,0.13750352374993502,-0.033483419977090555,0.10402010377284446,-0.08165255215223488,-0.0816525521522347,False
LINC02519,NEUTRAL,0.04492017861472104,0.13750352374993502,0.06480611892330451,0.20230964267323953,0.01663698674815947,0.016636986748159156,False
DRC7,NEUTRAL,-0.023658330304972653,0.13750352374993502,-0.034131755806697125,0.1033717679432379,-0.08230088798184183,-0.08230088798184183,False
NGF,NEUTRAL,-0.027655537633827096,0.13750352374993502,-0.03989850699744045,0.09760501675249457,-0.08806763917258453,-0.08806763917258435,False
CPSF2,NEUTRAL,0.02245243255065915,0.13750352374993502,0.0323920130967299,0.16989553684666492,-0.015777119078414094,-0.015777119078414743,False
CNTN4-AS1,DIG,-1.4644648449235589,0.33628338786443257,-2.1127761693274434,-1.776492781463011,-1.9695336556099774,-2.160945301502586,True
SAFB,NEUTRAL,0.051982466251226093,0.13750352374993502,0.07499484627382179,0.21249837002375682,0.02682571409867779,0.02682571409867779,False
DUXB,NEUTRAL,0.030951778376311204,0.13750352374993502,0.04465397717019843,0.18215750092013344,-0.0035151550049467343,-0.0035151550049472157,False
DPYSL5,DIG,1.0458683644172024,0.4195388915137848,1.508869102767349,1.9284079942811339,1.7471845133812638,1.460699970592203,True
RPL23P2,DIG,1.652548961595554,0.4854268271702419,2.3841241917201117,2.8695510188903537,2.6862912815515396,2.335955059544966,True
RNU6-892P,NEUTRAL,-0.030212388921713913,0.13750352374993502,-0.04358726367076532,0.0939162600791697,-0.09175639584590986,-0.0917563958459097,False
HS3ST1,NEUTRAL,-0.026504821955478715,0.13750352374993502,-0.03823837519481406,0.09926514855512096,-0.08640750736995904,-0.08640750736995938,False
MIR4656,DIG,1.3725194913019139,0.5109619192773794,1.980127063624714,2.4910889829020935,2.327310241967528,1.9319579314495636,True
LRRC45,DSG,0.09938369794376825,1.2555007331483865,0.14338036816868113,1.3988811013170677,1.210172849803414,0.09521123599353562,False
BET1,DIG,-1.460727527624877,0.4195388915137848,-2.1073843601944064,-1.6878454686806217,-1.8739990841713097,-2.155553492369553,True
FAM229B,DIG,-1.6354827007543564,0.4329594072761063,-2.3595027818379988,-1.9265433745618925,-2.1117333718762414,-2.4076719140131453,True
MRPL13,DCG,-1.067558779053884,1.3434078222978139,-1.5401617563985153,-0.1967539341007014,-0.38381880333369167,-1.5883308885736613,True
FZD6,DCG,-0.9607178536178859,1.3074285251922473,-1.386022883108013,-0.07859435791576574,-0.26951237313554766,-1.434192015283159,True
ABCC3,DSG,0.06826480685626532,1.070389327891398,0.09848529831877688,1.168874626210175,0.9874910669353695,0.05031616614363013,False
LARP4B,DSG,-0.04313112285473926,1.399171093819823,-0.06222505705050496,1.336946036769318,1.1498827607416293,-0.11039418922564967,False
MANCR,DSG,-0.06323717092294154,1.412781525338476,-0.09123195289037551,1.3215495724481003,1.13960514697124,-0.13940108506551954,False
HLA-V,DIG,0.7634944685313767,0.53605290024021,1.1014896834963719,1.637542583736582,1.4513014766963843,1.0533205513212258,True
HDAC2,DIG,-1.09354813697888,0.37851162325372983,-1.5776564741927952,-1.1991448509390654,-1.3903936026503576,-1.6258256063679406,True
TMEM94,DSG,-0.06305934012668912,1.3219280948873624,-0.09097539728250481,1.2309526976048577,1.0401508428308215,-0.1391445294576496,False
DYRK3,DCG,0.8534371896939876,-0.7369655941662062,1.2312496012817296,0.49428400711552334,0.30861135119044336,1.183080469106585,True
KCMF1,DIG,-0.9286038647353257,0.33628338786443257,-1.3396921906039803,-1.0034088027395476,-1.1841451516413655,-1.3878613227791259,True
AATK,DSG,0.065874140434529,1.1127001327493624,0.09503629572771813,1.2077364284770806,1.0179056651320482,0.046867163552571874,False
NFATC4,NEUTRAL,-0.0059012716090126715,0.13750352374993502,-0.008513735285261415,0.1289897884646736,-0.056682867460405656,-0.056682867460406156,False
ANKAR,NEUTRAL,-0.03430839389926108,0.13750352374993502,-0.049496549739329126,0.08800697401060589,-0.09766568191447372,-0.09766568191447372,False
APOA5,NEUTRAL,-0.007523387492478811,0.13750352374993502,-0.010853953826085234,0.1266495699238498,-0.05902308600123033,-0.059023086001230164,False
PARK7,NEUTRAL,-0.007991662189609177,0.13750352374993502,-0.011529531409408995,0.12597399234052603,-0.059698663584552975,-0.05969866358455314,False
KRT8P46,NEUTRAL,0.009501287954967094,0.13750352374993502,0.013707461014689067,0.15121098476462408,-0.034461671160456564,-0.03446167116045623,False
NLGN1,DSG,0.022463673565499585,1.3146965256562866,0.03240823045309475,1.3471047561093814,1.1572890263192464,-0.01576090172204953,False
RPL10P6,NEUTRAL,-0.02471232183834487,0.13750352374993502,-0.03565234416503218,0.10185117958490283,-0.08382147634017781,-0.08382147634017781,False
LINC01187,DIG,0.8332833537947962,0.5109619192773794,1.202173762175076,1.7131356814524556,1.5353316880983146,1.154004629999927,True
UBE3AP2,DIG,0.9194505857852617,0.5109619192773794,1.3264868004548496,1.8374487197322291,1.6569917297792647,1.2783176682797055,True
FRMD4B,NEUTRAL,0.0028250254835910905,0.13750352374993502,0.004075650255561812,0.14157917400549683,-0.04409348191958204,-0.044093481919582206,False
PIGR,DCG,-0.9336366032541665,1.2172307162206693,-1.3469528975072027,-0.12972218128653346,-0.31506396737810743,-1.3951220296823479,True
DLST,NEUTRAL,0.021250274959262627,0.13750352374993502,0.03065766630125511,0.16816119005119012,-0.017511465873889943,-0.017511465873889458,False
PMF1-BGLAP,DCG,-0.8931231200085417,1.2555007331483865,-1.2885042961396016,-0.033003562991215096,-0.22522838860984076,-1.336673428314746,True
RAPGEF4-AS1,NEUTRAL,-0.005346197567405788,0.13750352374993502,-0.00771293271810897,0.12979059103182605,-0.05588206489325311,-0.055882064893253446,False
ANKS4B,DSG,0.03922600548352217,-0.7369655941662062,0.05659116358496072,-0.6803744305812455,-0.8660470865063224,0.008422031409816283,False
EIF2S2P1,NEUTRAL,-0.0012527914447899924,0.13750352374993502,-0.0018073960046666418,0.13569612774526837,-0.0499765281798114,-0.0499765281798114,False
STMND1,DIG,1.694901382779073,0.5484366246960424,2.4452258197312156,2.993662444427258,2.804249037387826,2.397056687556071,True
TOLLIP,NEUTRAL,0.04657544377143162,0.13750352374993502,0.06719416175624716,0.20469768550618217,0.019025029581101333,0.019025029581101017,False
PI4K2A,NEUTRAL,-0.008089688812459373,0.13750352374993502,-0.011670953932070066,0.12583256981786495,-0.05984008610721534,-0.05984008610721534,False
TNFAIP8L3,NEUTRAL,-0.020758529790924275,0.13750352374993502,-0.029948227985512263,0.10755529576442276,-0.07811736016065765,-0.078117360160658,False
DHX8,NEUTRAL,-0.007330226324921232,0.13750352374993502,-0.010575281167557593,0.12692824258237742,-0.05874441334270215,-0.05874441334270198,False
RNF2,DCG,-0.8764396876811801,1.20945336562895,-1.2644351910559104,-0.05498182542696051,-0.24282592693580474,-1.3126043232310574,True
KHDRBS1,NEUTRAL,0.01724867154596284,0.13750352374993502,0.024884572901283163,0.16238809665121817,-0.023284559273862134,-0.023284559273862294,False
ZDHHC2,NEUTRAL,0.020943873965749104,0.13750352374993502,0.030215623107389702,0.16771914685732472,-0.01795350906775599,-0.01795350906775567,False
SLC25A21,DIG,1.407591723945385,0.4724877714627438,2.030725599732354,2.5032133711950975,2.3260797399539745,1.982556467557208,True
KMO,DCG,-0.8885506903861317,1.3001237245690138,-1.281907674598537,0.018216049970476877,-0.16335539362063933,-1.330076806773681,True
OR6B3,NEUTRAL,-0.07095263199500901,0.13750352374993502,-0.10236301031721909,0.03514051343271593,-0.15053214249236363,-0.1505321424923633,False
ATP5PF,DIG,-0.6085051272231148,0.560714954474479,-0.8778873294002956,-0.3171723749258165,-0.5027189386260046,-0.9260564615754419,True
MOB4,NEUTRAL,0.05514421622546056,0.13750352374993502,0.07955628728218067,0.2170598110321157,0.031387155107036296,0.031387155107036296,False
PLET1,NEUTRAL,-0.026819641997460255,0.13750352374993502,-0.03869256450815328,0.09881095924178174,-0.08686169668329817,-0.08686169668329749,False
CHASERR,DIG,-1.3971217196053347,0.32192809488736235,-2.015620576392877,-1.6936924815055148,-1.8840116924122954,-2.0637897085680215,True
TMED7-TICAM2,NEUTRAL,-0.062241070872223,0.13750352374993502,-0.08979488428697463,0.04770863946296039,-0.13796401646212106,-0.1379640164621207,False
LINC00994,NEUTRAL,-0.014966261980637725,0.13750352374993502,-0.021591751940111082,0.11591177180982394,-0.06976088411525541,-0.06976088411525508,False
SNX31,DCG,-0.8983747750191338,1.232660756790275,-1.2960808327798425,-0.06342007598956756,-0.24919815508956403,-1.3442499649549862,True
LCN1P1,NEUTRAL,0.036760712182135495,0.13750352374993502,0.05303449716471338,0.1905380209146484,0.004865364989568809,0.004865364989568809,False
SNORD86,DSG,0.03393579374391691,1.3434078222978139,0.04895900134297964,1.3923668236407936,1.2085005791270593,0.0007898691678336899,False
MIR621,NEUTRAL,-0.010969297331094809,0.13750352374993502,-0.015825350861607024,0.121678172888328,-0.06399448303675229,-0.06399448303675245,False
CCDC8,DIG,1.0679537336732328,0.560714954474479,1.5407315554692258,2.1014465099437047,1.916767311231366,1.4925624232940804,True
STEAP1B,DSG,0.0161143052844258,1.3434078222978139,0.023248028321211922,1.3666558506190258,1.1782295015824358,-0.024921103853934444,False
NNAT,DSG,0.09112951371411314,1.3146965256562866,0.13147209751397382,1.4461686231702604,1.2620163679055312,0.08330296533882885,False
H2AZ1,NEUTRAL,0.013221616700823063,0.13750352374993502,0.01907476084681213,0.15657828459674716,-0.029094371328332213,-0.029094371328332213,False
OGFRL1,DIG,0.6450276154972177,0.4329594072761063,0.930578142114269,1.3635375493903754,1.1658986365590833,0.8824090099391241,True
RRP15,DCG,-0.876434603309075,1.0959244199985356,-1.2644278558574884,-0.16850343585895278,-0.34523123978645676,-1.3125969880326347,True
DNAH3,DSG,-0.08221310803811359,1.1699250014423124,-0.11860844326265506,1.0513165581796573,0.8674994000652851,-0.1667775754377997,False
GMFBP1,DIG,-1.6439107655688128,0.3923174227787603,-2.3716619091501054,-1.9793444863713452,-2.1678349619651636,-2.4198310413252453,True
FAM151A,NEUTRAL,0.010591873134027248,0.13750352374993502,0.015280842844186154,0.15278436659412117,-0.0328882893309586,-0.0328882893309586,False
BCLAF1P1,NEUTRAL,0.08383432468065485,0.13750352374993502,0.12094736447305598,0.258450888222991,0.07277823229791151,0.07277823229791182,False
CCDC90B,NEUTRAL,-0.012527385631064375,0.13750352374993502,-0.01807319712524023,0.11943032662469479,-0.06624232930038627,-0.06624232930038644,False
SF3B4,DCG,0.8259578169148876,-0.7369655941662062,1.1916052464465827,0.4546396522803765,0.2689669963552948,1.143436114271436,True
CCDC51,NEUTRAL,0.03274351247621065,0.13750352374993502,0.04723890307071501,0.18474242682065004,-0.0009302291044298358,-0.0009302291044299961,False
AGPAT2,NEUTRAL,0.009100134496091929,0.13750352374993502,0.013128718908934411,0.15063224265886943,-0.03504041326620928,-0.03504041326620961,False
UBE4B,NEUTRAL,0.018830525035730173,0.13750352374993502,0.027166705086383393,0.1646702288363184,-0.021002427088761558,-0.021002427088761558,False
CSPG4,NEUTRAL,-0.010905602236777097,0.13750352374993502,-0.015733458264905905,0.12177006548502911,-0.06390259044005081,-0.06390259044005048,False
CCDC170,DIG,-1.6176200852784273,0.4195388915137848,-2.3337324750735693,-1.9141935835597845,-2.1094904319839243,-2.381901607248714,True
YTHDF2,NEUTRAL,-0.04125127905126356,0.13750352374993502,-0.059513015717584716,0.0779905080323503,-0.10768214789272851,-0.10768214789272867,False
RBM12B-AS1,DCG,-0.9408059179474982,1.399171093819823,-1.3572960322618448,0.041875061557978155,-0.1433782848397338,-1.4054651644369898,True
TMPRSS5,NEUTRAL,0.021385094830961317,0.13750352374993502,0.0308521702615681,0.16835569401150313,-0.017316961913576515,-0.017316961913577,False
KLK9,DIG,1.2883775962659338,0.5849625007211562,1.858735968925306,2.443698469646462,2.24663011599909,1.8105668367501575,True
CHST11,NEUTRAL,0.024690682474536086,0.13750352374993502,0.035621125162177254,0.17312464891211227,-0.012548007012968864,-0.01254800701296935,False
RPL36AP21,DSG,-0.049237659831928966,1.145677455195635,-0.07103492766450163,1.0746425275311333,0.8882640363682619,-0.11920405983964552,False
SYNPO2L,DIG,-1.5856779186922112,0.4329594072761063,-2.287649669744386,-1.85469026246828,-2.039233789116654,-2.335818801919531,True
HNRNPA3P15,NEUTRAL,0.005626169603970146,0.13750352374993502,0.008116846986847953,0.14562037073678297,-0.040052285188296705,-0.04005228518829621,False
NCOA1,DIG,1.1723002288822784,0.4462562298895641,1.6912717266414599,2.137527956531024,1.9591892507025388,1.6431025944663138,True
SNORD12B,DCG,-0.984720250609546,1.399171093819823,-1.4206510222173294,-0.021479928397506454,-0.20429968484049793,-1.4688201543924713,True
SELENOM,NEUTRAL,0.01981802439363939,0.13750352374993502,0.028591365512920054,0.16609488926285507,-0.01957776666222357,-0.019577766662223734,False
KRT73-AS1,DIG,0.7168285138442506,0.4195388915137848,1.034164942090906,1.4537038336046908,1.2551453178879,0.9859958099157582,True
AKR1C4,DSG,0.06274669343791892,1.3074285251922473,0.09052434345506569,1.397952868647313,1.2048024281105372,0.042355211279921784,False
TRAPPC4,NEUTRAL,-0.06124098311046937,0.13750352374993502,-0.08835206263263892,0.0491514611172961,-0.1365211948077831,-0.1365211948077831,False
RPS6P16,NEUTRAL,0.0070807546175128515,0.13750352374993502,0.01021536957243742,0.14771889332237245,-0.037953762602707344,-0.03795376260270751,False
TMEM267,DSG,0.019334214727845578,1.2927817492278462,0.027893375707345177,1.3206751249351913,1.139245937776435,-0.020275756467800943,False
WDR86-AS1,DIG,-0.7192746261782657,0.4195388915137848,-1.037693936224647,-0.6181550447108621,-0.8060711861698059,-1.0858630683997923,True
PCDHGA11,NEUTRAL,-0.0303005036279626,0.13750352374993502,-0.04371438632049969,0.09378913742943533,-0.0918835184956451,-0.09188351849564476,False
RN7SL704P,NEUTRAL,-0.011140515390677065,0.13750352374993502,-0.016072366307076976,0.12143115744285804,-0.06424149848222141,-0.06424149848222124,False
CASP5,NEUTRAL,0.024582532134232893,0.13750352374993502,0.03546509720255138,0.17296862095248638,-0.012704034972593143,-0.012704034972592659,False
DKKL1,DIG,-1.5926818527237467,0.5849625007211562,-2.297754210638396,-1.7127917099172398,-1.9094922072368796,-2.345923342813538,True
PPIL1,DIG,1.5064587588675864,0.5109619192773794,2.1733605807220098,2.6843224999993893,2.4958973267497098,2.1251914485468633,True
AURKC,DIG,0.6255677210407844,0.6553518286125543,0.9025034488857502,1.5578552774983043,1.3707680669094384,0.8543343167106037,True
UTS2R,DSG,-0.08692754246974475,1.2172307162206693,-0.12540993443776552,1.0918207817829038,0.9118607813195555,-0.1735790666129101,False
TTC21B-AS1,NEUTRAL,-0.019756656181059377,0.13750352374993502,-0.02850282989696265,0.10900069385297237,-0.07667196207210726,-0.07667196207210658,False
PPP1R42,DCG,-0.8795042947655854,1.3074285251922473,-1.2688564844988552,0.03857204069339204,-0.14942204257722605,-1.3170256166740002,True
ST13,NEUTRAL,-0.027358448225710444,0.13750352374993502,-0.03946989758164992,0.09803362616828509,-0.08763902975679427,-0.08763902975679444,False
TMEM14A,DIG,1.3910634054177609,0.5969351423872323,2.0068802765583174,2.60381541894555,2.4093656413630757,1.9587111443831706,True
CLDN24,NEUTRAL,0.011665938745307242,0.13750352374993502,0.016830391975169175,0.1543339157251042,-0.03133874019997576,-0.031338740199975436,False
GEMIN7-AS1,DIG,1.4808002286265671,0.45943161863729726,2.1363431463867917,2.595774765024089,2.403279069486773,2.088174014211645,True
RPS27AP12,DIG,-1.6882961401967533,0.49825086752782544,-2.435696469013834,-1.9374456014860086,-2.111933183413234,-2.48386560118898,True
EEF1E1,DIG,-1.6399840652875308,0.5484366246960424,-2.365996878127243,-1.8175602534312005,-2.0136542647685345,-2.414166010302387,True
HOXA3,DSG,0.06900576921958108,1.3854310371935206,0.09955428104581791,1.4849853182393384,1.29980133220536,0.05138514887067237,False
DUSP18,NEUTRAL,0.00828078440415974,0.13750352374993502,0.011946646594551927,0.14945017034448693,-0.03622248558059164,-0.03622248558059164,False
DGKI,DIG,-1.5359108472404055,0.523561956057013,-2.215850962561299,-1.6922890065042862,-1.8710227712118164,-2.264020094736445,True
LPO,DSG,-0.12391218647973992,1.371558862611963,-0.17876749694002925,1.1927913656719338,1.0005109575334414,-0.2269366291151761,False
SLC14A2,NEUTRAL,-0.0024012582392097426,0.13750352374993502,-0.00346428335360166,0.13403924039633336,-0.05163341552874753,-0.05163341552874753,False
BET1P1,DIG,1.3353818795488472,0.5109619192773794,1.9265488153181052,2.4375107345954845,2.265916458720523,1.8783796831429591,True
BTN3A1,DIG,1.5240465684909845,0.6205864104518776,2.1987344264457853,2.819320836897663,2.626362735730024,2.150565294270639,True
RASIP1,DIG,0.8923299615001585,0.5484366246960424,1.2873600102929184,1.8357966349889607,1.6506290869203522,1.239190878117771,True
CENPE,NEUTRAL,0.003859041970370312,0.13750352374993502,0.005567420713235623,0.14307094446317065,-0.04260171146190906,-0.042601711461908894,False
REEP2,NEUTRAL,-0.017024574951392268,0.13750352374993502,-0.02456126985561609,0.11294225389431893,-0.07273040203076139,-0.07273040203076106,False
TRIM4,DSG,-0.03898786054320984,1.232660756790275,-0.05624759306055932,1.1764131637297157,0.9837058893993804,-0.10441672523570579,False
HOXA13,DSG,0.011865155156341152,-3.321928094887362,0.017117800503431493,-3.304810294383931,-3.490482950309006,-0.03105133167171333,False
MUC19,DIG,-0.8592211095430387,0.5109619192773794,-1.2395940337648548,-0.7286321144874753,-0.9242775489090747,-1.2877631659400015,True
RPL9P25,NEUTRAL,-0.03674433644387387,0.13750352374993502,-0.05301087196833244,0.08449265178160258,-0.10118000414347803,-0.10118000414347803,False
ZBTB48,NEUTRAL,0.018852252855368356,0.13750352374993502,0.02719805170402473,0.16470157545395975,-0.02097108047112146,-0.020971080471121135,False
NEDD9,DSG,0.15399044881025617,1.2927817492278462,0.22216125684282237,1.5149430060706686,1.3292270815616514,0.17399212466767755,False
CLPTM1L,DSG,-0.007583264748123602,1.3923174227787602,-0.010940338445866015,1.3813770843328943,1.1922590884176694,-0.059109470621012565,False
HEY1,DCG,-0.7584276400657981,1.232660756790275,-1.0941797951960466,0.1384809615942284,-0.04499563730882931,-1.1423489273711933,True
C3orf62,NEUTRAL,0.0014063249489355912,0.13750352374993502,0.002028898029707802,0.1395324217796428,-0.04614023414543565,-0.04614023414543565,False
RNU6-1011P,DCG,-0.9517665136667738,1.3291235962915664,-1.3731088293512324,-0.04398523305966595,-0.22909601449453582,-1.421277961526364,True
TMX3,NEUTRAL,-0.016644839882830973,0.13750352374993502,-0.02401342795535108,0.11349009579458394,-0.07218256013049647,-0.07218256013049647,False
LINC00472,DIG,0.685581859547425,0.4462562298895641,0.989085548892504,1.4353417787820681,1.2456332480598615,0.9409164167173575,True
SNORD58B,NEUTRAL,-0.01159741300077684,0.13750352374993502,-0.016731530223361938,0.12077199352657308,-0.06490066239850695,-0.06490066239850695,False
AMMECR1L,NEUTRAL,0.0014204937251083957,0.13750352374993502,0.002049339252827773,0.1395528630027628,-0.046119792922317035,-0.04611979292231737,False
KLHL35,DIG,0.599737742761651,0.45943161863729726,0.8652386673161747,1.324670285953472,1.162543843641952,0.8170695351410284,True
BRCA1,NEUTRAL,-0.01929751237901019,0.13750352374993502,-0.027840425410691386,0.10966309833924363,-0.0760095575858363,-0.0760095575858363,False
CEP97,DIG,-1.0400355736840663,0.5109619192773794,-1.5004541645021106,-0.9894922452247311,-1.1806565091790941,-1.5486232966772573,True
ZNF663P,DCG,-0.9271973830622654,1.3854310371935206,-1.337663066469155,0.04776797072436567,-0.13726117532082344,-1.3858321986442979,True
LPAR3,NEUTRAL,-0.008955976079060094,0.13750352374993502,-0.012920742275580183,0.12458278147435484,-0.061089874450724356,-0.06108987445072452,False
RMI1,NEUTRAL,0.019679933549390984,0.13750352374993502,0.02839214253673071,0.16589566628666574,-0.019776989638414445,-0.019776989638414767,False
MTR,DCG,-0.8896718917769927,1.2172307162206693,-1.28352522628497,-0.06629451006430065,-0.25537007603644035,-1.3316943584601162,True
ATP2C1,DIG,1.267923475017351,0.53605290024021,1.8292269096342337,2.3652798098744436,2.183502780352597,1.7810577774590879,True
BMPR1A,NEUTRAL,-0.027815790640272883,0.13750352374993502,-0.040129703215127335,0.09737382053480768,-0.08829883539027318,-0.088298835390273,False
CNIH3,DCG,-0.9066624229781707,1.399171093819823,-1.3080373813909787,0.09113371242884427,-0.09267276236818388,-1.3562065135661237,True
S100A3,DCG,-0.9902276523278747,1.412781525338476,-1.4285965233645455,-0.01581499802606956,-0.1939359247334674,-1.4767656555396906,True
POLR2C,NEUTRAL,-0.022596648356714044,0.13750352374993502,-0.0326000725249431,0.10490345122499192,-0.08076920470008804,-0.08076920470008804,False
CERS5,DIG,0.9349265114083445,0.4724877714627438,1.3488138416044375,1.8213016130671813,1.6353816808538517,1.300644709429291,True
GDAP1L1,DCG,2.0794415416798357,-3.321928094887362,3.0,-0.3219280948873622,-0.5076007508124405,2.951830867824856,True
CCNE2,DCG,-1.0913835362791515,1.3504972470841334,-1.574533615497792,-0.2240363684136586,-0.40945426128959167,-1.6227027476729372,True
METTL3,NEUTRAL,-0.017209531691386625,0.13750352374993502,-0.02482810602718494,0.11267541772275008,-0.07299723820233055,-0.07299723820233088,False
CADPS,NEUTRAL,0.009145029369094589,0.13750352374993502,0.013193488519576689,0.1506970122695117,-0.03497564365556908,-0.03497564365556924,False
NEK9,NEUTRAL,0.08644746289914966,0.13750352374993502,0.12471732602203588,0.2622208497719709,0.07654819384689121,0.07654819384689121,False
ARL6IP1,DSG,-0.00360311344298404,1.3575520046180838,-0.005198193895953433,1.3523538107221305,1.1611040816217266,-0.0533673260711003,False
HOXC13,NEUTRAL,-0.04972437720224303,0.13750352374993502,-0.07173711240096825,0.06576641134896677,-0.11990624457611201,-0.11990624457611236,False
NARF,DSG,0.06462245991369713,1.2403143293337107,0.09323050244753667,1.3335448317812473,1.1503339442790046,0.04506137027239037,False
C1orf56,DCG,-0.8111894704989083,1.145677455195635,-1.1702990263101192,-0.024621571114484153,-0.21293681047000712,-1.218468158485264,True
DEXI,DCG,-1.1019278508373611,1.3219280948873624,-1.5897458458204943,-0.26781775093313187,-0.4524077859298781,-1.6379149779956403,True
RN7SL452P,NEUTRAL,-0.0019097403515862534,0.13750352374993502,-0.0027551729346190334,0.134748350815316,-0.05092430510976413,-0.0509243051097643,False
AUNIP,NEUTRAL,0.0247115393468481,0.13750352374993502,0.03565121526843025,0.17315473901836526,-0.012517916906714898,-0.012517916906714574,False
TGFBR1,NEUTRAL,-0.006725509971934435,0.13750352374993502,-0.00970285988395908,0.12780066386597594,-0.05787199205910363,-0.05787199205910396,False
KRT8P12,DSG,0.1802939487044287,1.0959244199985356,0.26010918569816843,1.356033605696704,1.16831155917981,0.21194005352302392,True
BTN2A1,DIG,0.9625769827237546,0.45943161863729726,1.3887050394494223,1.8481366580867196,1.6510236060193153,1.3405359072742773,True
SMG9,DIG,-1.2712664051230644,0.4462562298895641,-1.834049738319785,-1.3877935084302209,-1.5760276093175607,-1.8822188704949314,True
MED19,DIG,0.7305891762242379,0.53605290024021,1.054017381465861,1.5900702817060712,1.408088310545068,1.005848249290714,True
MIR6729,NEUTRAL,0.032066654931415854,0.13750352374993502,0.04626240404745128,0.1837659277973863,-0.0019067281276931621,-0.0019067281276931621,False
NLRP13,DIG,-1.5219791517983126,0.53605290024021,-2.1957517746358164,-1.6596988743956063,-1.8493260432626233,-2.2439209068109607,True
CPS1,NEUTRAL,0.061461415224993925,0.13750352374993502,0.08867007895111617,0.2261736027010512,0.04050094677597065,0.04050094677597096,False
ZFP41,DCG,-0.8180607763368575,1.1699250014423124,-1.1802122251669598,-0.01028722372464741,-0.19236761751135992,-1.2283813573421047,True
RPS15AP14,NEUTRAL,0.09011661220749831,0.13750352374993502,0.13001078953347164,0.2675143132834067,0.08184165735832631,0.08184165735832631,False
SREBF2-AS1,NEUTRAL,-0.011444909112336109,0.13750352374993502,-0.016511513619792213,0.12099201013014281,-0.0646806457949378,-0.06468064579493746,False
ERVK9-11,DSG,-0.07602418970920964,1.2172307162206693,-0.10967972148107852,1.1075509947395907,0.9201583056093153,-0.157848853656225,False
PARP2,NEUTRAL,-0.0023890298724092355,0.13750352374993502,-0.003446641549460397,0.13405688220047463,-0.0516157737246055,-0.0516157737246055,False
HPX,NEUTRAL,0.014776492642714393,0.13750352374993502,0.021317972657376307,0.15882149640731133,-0.02685115951777001,-0.02685115951777001,False
ZC3H13,NEUTRAL,0.010574326156318868,0.13750352374993502,0.015255527906463685,0.1527590516563987,-0.03291360426868219,-0.03291360426868219,False
TSEN34,DIG,-1.2790647590636814,0.6438561897747247,-1.8453003848770102,-1.2014441951022854,-1.3940252373283015,-1.893469517052156,True
PCDHB9,NEUTRAL,0.008989499486973631,0.13750352374993502,0.012969106329930738,0.15047263007986575,-0.03520002584521351,-0.03520002584521335,False
MARCHF8,DIG,1.041057802494182,0.3923174227787603,1.5019289289371183,1.8942463517158785,1.7097957022264043,1.4537597967619724,True
CYTH2,DIG,1.6193868085563725,0.523561956057013,2.336281317985284,2.859843274042297,2.6688710118493786,2.288112185810137,True
PLPP4,NEUTRAL,-0.02921588237164552,0.13750352374993502,-0.04214960861276828,0.09535391513716673,-0.09031874078791212,-0.09031874078791245,False
CRIM1,DIG,-0.6777774404135799,0.5109619192773794,-0.9778261521110867,-0.46686423283370726,-0.6472142458065626,-1.0259952842862334,True
SIGLEC12,DIG,-1.6095711883776187,0.4724877714627438,-2.322120371430146,-1.8496325999674024,-2.0422576853985768,-2.3702895036052873,True
ZMYM4,NEUTRAL,-0.03943933206651094,0.13750352374993502,-0.05689892878832841,0.0806045949616066,-0.10506806096347322,-0.10506806096347304,False
RAMP1,NEUTRAL,0.03487483712775175,0.13750352374993502,0.050313754576017757,0.18781727832595277,0.002144622400873839,0.0021446224008735194,False
LTB4R2,NEUTRAL,0.010713256568263609,0.13750352374993502,0.015455962122805023,0.15295948587274005,-0.03271317005233888,-0.03271317005233888,False
KCNK10,NEUTRAL,-0.03259133945856424,0.13750352374993502,-0.04701936381279942,0.0904841599371356,-0.09518849598794435,-0.09518849598794452,False
SNORD107,NEUTRAL,0.005811842922537776,0.13750352374993502,0.00838471696277087,0.1458882407127059,-0.03978441521237429,-0.03978441521237429,False
NPY2R,NEUTRAL,0.04528321899018736,0.13750352374993502,0.06532987547263225,0.20283339922256727,0.01716074329748726,0.01716074329748726,False
ASB5,NEUTRAL,0.03481658867716689,0.13750352374993502,0.05022971982521951,0.18773324357515453,0.0020605876500741824,0.0020605876500745025,False
NAT9,DSG,0.14395571603326368,1.1210154009613662,0.20768419762880935,1.3286995985901755,1.1417991573696629,0.1595150654536628,False
CDO1,NEUTRAL,-0.051703649547403994,0.13750352374993502,-0.07459259879790064,0.06291092495203437,-0.1227617309730458,-0.12276173097304596,False
PHC2-AS1,NEUTRAL,-0.0017570624818391393,0.13750352374993502,-0.0025349053290813807,0.13496861842085364,-0.05070403750422554,-0.050704037504226196,False
TMPRSS11CP,NEUTRAL,-0.03690103146564872,0.13750352374993502,-0.05323693509917901,0.08426658865075601,-0.10140606727432419,-0.10140606727432402,False
CATIP,NEUTRAL,0.004270193715015009,0.13750352374993502,0.0061605872962873735,0.1436641110462224,-0.04200854487885656,-0.04200854487885672,False
EIPR1,DIG,0.8607704087653709,0.45943161863729726,1.2418292000697666,1.701260818707064,1.5230991081287164,1.19366006789462,True
RCAN1,DIG,1.0422398329227398,0.5969351423872323,1.5036342383745787,2.100569380761811,1.9157920750305257,1.4554651061994308,True
TMEM132A,DIG,-0.9620687856202691,0.4724877714627438,-1.3879718660084295,-0.9154840945456857,-1.086637217091416,-1.4361409981835762,True
SYT5,DIG,-1.5215349124215531,0.53605290024021,-2.195110872689998,-1.659057972449788,-1.8447890482549236,-2.243280004865144,True
ODCP,DIG,-1.0904511229182854,0.5109619192773794,-1.573188427366012,-1.0622265080886324,-1.2379889095113625,-1.6213575595411527,True
STING1,NEUTRAL,0.07304364932024683,0.13750352374993502,0.1053797106427526,0.2428832343926876,0.057210578467608776,0.057210578467608776,False
GALC,NEUTRAL,0.012097452239049457,0.13750352374993502,0.01745293435266774,0.15495645810260275,-0.03071619782247794,-0.030716197822478104,False
NR1H2,DIG,1.647614938661507,0.560714954474479,2.37700590130153,2.937720855776009,2.732537171343127,2.328836769126383,True
GRID1-AS1,NEUTRAL,0.021255244183210942,0.13750352374993502,0.030664835376002415,0.16816835912593744,-0.017504296799142723,-0.017504296799142723,False
BAIAP2L2,NEUTRAL,0.016382263557049744,0.13750352374993502,0.023634610392291658,0.16113813414222666,-0.024534521782852602,-0.024534521782852602,False
UBA3,NEUTRAL,0.00400192331799274,0.13750352374993502,0.0057735549248860325,0.14327707867482106,-0.042395577250257596,-0.04239557725025776,False
KIAA1614,DCG,0.8432481137985804,-0.7369655941662062,1.2165498720161843,0.47958427784997804,0.2939116219248977,1.1683807398410386,True
NUMBL,DIG,1.5535899713574963,0.523561956057013,2.2413565472522867,2.7649185033093,2.571750773975784,2.1931874150771407,True
HS3ST2,DSG,0.07400216032622113,1.412781525338476,0.10676254971770922,1.519544075056185,1.3324869771305163,0.058593417542564766,False
SURF1,NEUTRAL,-0.06541205147720346,0.13750352374993502,-0.09436964228053503,0.04313388146939999,-0.1425387744556793,-0.14253877445567947,False
STKLD1,NEUTRAL,0.08915918101026118,0.13750352374993502,0.12862950829322525,0.2661330320431603,0.08046037611808103,0.08046037611808074,False
CD1E,DCG,-0.7822675994179772,1.1127001327493624,-1.1285735863284299,-0.015873453579067442,-0.19643887911025365,-1.1767427185035757,True
LINC02005,NEUTRAL,-0.0014593013224110797,0.13750352374993502,-0.002105326781005171,0.13539819696892985,-0.050274458956150216,-0.05027445895614989,False
PTK2B,NEUTRAL,0.06623485175457051,0.13750352374993502,0.09555669216033454,0.23306021591026954,0.04738755998518966,0.04738755998518966,False
DTX1,NEUTRAL,0.05025991362988772,0.13750352374993502,0.07250972814934664,0.21001325189928166,0.024340595974200605,0.024340595974200605,False
PES1,NEUTRAL,0.013762770318687575,0.13750352374993502,0.019855480487664383,0.1573590042375994,-0.028313651687481834,-0.028313651687481508,False
CHD1,NEUTRAL,0.0224907064850887,0.13750352374993502,0.03244723071212672,0.16995075446206173,-0.015721901463018273,-0.015721901463018113,False
COPS5P1,DIG,-1.2049637230671584,0.45943161863729726,-1.7383951877200916,-1.2789635690827943,-1.4690915254990367,-1.7865643198952312,True
CSNK1G3,NEUTRAL,0.07098703804401693,0.13750352374993502,0.10241264775349941,0.23991617150343442,0.05424351557835421,0.05424351557835359,False
RPS15AP24,NEUTRAL,-0.10268034805683526,0.13750352374993502,-0.14813642893834894,-0.010632905188413921,-0.1963055611134949,-0.1963055611134949,False
DHH,DIG,-1.61299095356004,0.49825086752782544,-2.32705404969983,-1.8288031821720045,-2.019590469815563,-2.3752231818749743,True
SLIT3-AS1,DIG,-1.380956234094601,0.4329594072761063,-1.9922987106129795,-1.5593393033368732,-1.735179019766883,-2.0404678427881064,True
SMARCE1P2,NEUTRAL,0.060995817759449095,0.13750352374993502,0.08799836379652418,0.2255018875464592,0.03982923162137916,0.03982923162137916,False
LINC00974,NEUTRAL,0.030056188812745164,0.13750352374993502,0.04336191454816979,0.1808654382981048,-0.004807217626975237,-0.004807217626975237,False
INTS13,DSG,0.01670555944342097,1.3001237245690138,0.024101027764299225,1.324224752333313,1.1393025434132862,-0.024068104410845868,False
ACTG1P22,DIG,1.6142102315109292,0.405992359675837,2.328813095953043,2.73480545562888,2.5528189668846273,2.280643963777898,True
UQCRBP3,DSG,-0.043881147643936344,1.3146965256562866,-0.06330711409442338,1.2513894115618631,1.0613930260930438,-0.11147624626956648,False
TNFRSF1A,DIG,-1.1487052475627584,0.632268215499513,-1.6572313641019207,-1.0249631486024078,-1.2009389806310329,-1.7054004962770655,True
TIGD1,NEUTRAL,0.04665627142809723,0.13750352374993502,0.06731077141568531,0.20481429516562033,0.01914163924053908,0.019141639240539396,False
GUSBP1,DSG,-0.06207960214045623,1.2249663650002742,-0.08956193414839608,1.135404430851878,0.9499949426813384,-0.13773106632354032,False
CCDC194,DIG,-1.6008528382237253,0.53605290024021,-2.3095424508983906,-1.7734895506581805,-1.9504879335096685,-2.357711583073531,True
CEP83-DT,DIG,1.3734825825380421,0.37851162325372983,1.981516510575,2.3600281338287297,2.1756541417010937,1.9333473783998563,True
LINC02175,DSG,-0.060394409815652805,1.145677455195635,-0.08713071553845804,1.058546739657177,0.8755808153589043,-0.13529984771360248,False
AP3S1,NEUTRAL,-0.052665034265497616,0.13750352374993502,-0.07597958376308074,0.06152393998685428,-0.12414871593822639,-0.12414871593822639,False
PLA2G4A,DCG,-0.9237249956502541,1.3434078222978139,-1.332653470369801,0.010754351928012884,-0.18229036568897003,-1.3808226025449455,True
AMD1P3,DSG,0.12919642563578607,-0.7369655941662062,0.18639104256532832,-0.5505745516008779,-0.7362472075259575,0.13822191039018356,False
RALGAPA2,DSG,-0.05720009015097567,1.446256229889564,-0.08252228639921425,1.3637339434903497,1.1798140072418108,-0.13069141857436092,False
IQCE,DIG,1.2127473667725839,0.53605290024021,1.7496246118939558,2.285677512134166,2.112952368147799,1.7014554797188102,True
SRA1,NEUTRAL,0.014858231375846543,0.13750352374993502,0.021435896722314607,0.15893942047224963,-0.026733235452830007,-0.026733235452829844,False
ANO4,NEUTRAL,-0.03373154158493403,0.13750352374993502,-0.04866432776612417,0.08883919598381085,-0.09683345994126992,-0.09683345994126974,False
ZNF549,DIG,-1.5709236509265643,0.5484366246960424,-2.2663637608069394,-1.717927136110897,-1.9084518585854378,-2.314532892982086,True
RXFP1,NEUTRAL,0.022246991331409494,0.13750352374993502,0.03209562406852424,0.16959914781845925,-0.01607350810662041,-0.016073508106619925,False
PPP1R9A-AS1,DIG,1.1323495055530184,0.4462562298895641,1.6336350162144093,2.0798912461039736,1.901455759914265,1.585465884039262,True
AP2A2,NEUTRAL,0.050424945560266186,0.13750352374993502,0.07274781889689198,0.210251342646827,0.02457868672174715,0.024578686721746835,False
SIGLEC10,DIG,-0.802538267933591,0.53605290024021,-1.1578179792714098,-0.6217650790311998,-0.8218538248671511,-1.2059871114465543,True
PIH1D1,DIG,-1.4304480609120729,0.632268215499513,-2.0637003237270815,-1.4314321082275685,-1.622918505359371,-2.1118694559022293,True
MDS2,NEUTRAL,0.01138610645641459,0.13750352374993502,0.01642667931970314,0.15393020306963817,-0.031742452855442166,-0.03174245285544249,False
DGUOK-AS1,DIG,1.266694965352123,0.3923174227787603,1.827454544832525,2.2197719676112855,2.0377430097429174,1.7792854126573792,True
NAPEPLD,DIG,-1.444912281323006,0.6438561897747247,-2.0845677827842595,-1.4407115930095347,-1.6173239579528795,-2.1327369149594064,True
TAF8,DIG,1.0357382225134082,0.5728896684205812,1.494254397279244,2.067144065699825,1.8694670962547808,1.4460852651040985,True
RAB11A,NEUTRAL,0.00815202341499757,0.13750352374993502,0.011760883754027708,0.14926440750396272,-0.03640824842111792,-0.03640824842111743,False
INVS,NEUTRAL,-0.020647296445577057,0.13750352374993502,-0.029787752189798344,0.10771577156013667,-0.07795688436494405,-0.07795688436494422,False
THYN1,NEUTRAL,0.030063562426882132,0.13750352374993502,0.04337255242471862,0.18087607617465365,-0.004796579750426211,-0.0047965797504263726,False
DNAH5,DSG,-0.001269798230772586,-3.321928094887362,-0.0018319316104651894,-3.3237600264978275,-3.5094326824229074,-0.05000106378561035,False
NQO2,DIG,1.5754351427207869,0.523561956057013,2.2728724676454757,2.7964344237024887,2.596158662997598,2.224703335470329,True
TSPAN11,DIG,-0.5610746752307686,0.5969351423872323,-0.8094596515238156,-0.21252450913658327,-0.4029071774272751,-0.8576287836989618,True
CD164L2,NEUTRAL,0.006405801821329561,0.13750352374993502,0.009241618520549647,0.14674514227048466,-0.038927513654594216,-0.038927513654594216,False
NR4A3,NEUTRAL,0.02218385990563772,0.13750352374993502,0.03200454467363905,0.16950806842357408,-0.016164587501505238,-0.016164587501505075,False
BMP8B,NEUTRAL,0.045262273470328136,0.13750352374993502,0.06529965747500249,0.2028031812249375,0.0171305252998579,0.0171305252998579,False
RAD52,DSG,0.06281511201608353,1.1937717433966801,0.09062305059848845,1.2843947939951685,1.1007945481224324,0.04245391842334399,False
CYB561,DCG,-0.915957604627668,1.145677455195635,-1.3214474938608705,-0.17577003866523544,-0.35458354395827435,-1.3696166260360154,True
SLC25A5P5,DSG,0.02772811530447061,1.1779177921958432,0.04000321444295712,1.2179210066388004,1.0198095441101633,-0.00816591773218767,False
FBXL8,NEUTRAL,-0.05231511732970972,0.13750352374993502,-0.07547476033509648,0.06202876341483854,-0.1236438925102425,-0.12364389251024234,False
SLC39A13,DIG,-0.8344733178742146,0.4724877714627438,-1.203890517451289,-0.7314027459885453,-0.9134349594091524,-1.2520596496264353,True
CDH20,NEUTRAL,-0.01542174697158597,0.13750352374993502,-0.02224887787775147,0.11525464587218355,-0.07041801005289734,-0.07041801005289734,False
HAS3,NEUTRAL,0.02848763449028922,0.13750352374993502,0.04109896900579765,0.17860249275573267,-0.0070701631693462505,-0.007070163169346411,False
ELOCP21,DIG,-1.7264837838418532,0.37851162325372983,-2.490789593123855,-2.112277969870125,-2.2910318344700573,-2.5389587252989894,True
TECRP1,NEUTRAL,0.01976062450040376,0.13750352374993502,0.028508554971601457,0.16601207872153648,-0.01966057720354407,-0.01966057720354407,False
FLYWCH2,DCG,-0.9027181863237256,1.0531113364595626,-1.3023470507295183,-0.24923571426995572,-0.43296735957777177,-1.3505161829046652,True
MMP2-AS1,NEUTRAL,-0.0014922950122984089,0.13750352374993502,-0.002152926613786249,0.13535059713614878,-0.05032205878893041,-0.05032205878893041,False
AP3D1,NEUTRAL,-0.03612271443433632,0.13750352374993502,-0.05211406097786519,0.08538946277206982,-0.10028319315301004,-0.1002831931530097,False
MUSK,NEUTRAL,-0.048689417321341896,0.13750352374993502,-0.07024398091327315,0.06725954283666187,-0.11841311308841704,-0.11841311308841687,False
SLC30A7,NEUTRAL,0.042299209405401175,0.13750352374993502,0.06102485964269608,0.1985283833926311,0.012855727467551684,0.012855727467551684,False
TNR,DCG,-0.9025928340403842,1.1375035237499351,-1.3021662056119774,-0.16466268186204225,-0.3546477094028368,-1.350335337787122,True
TAF1B,DIG,-0.9824348041852431,0.4462562298895641,-1.4173538199947702,-0.9710975901052061,-1.1512196635469705,-1.4655229521699147,True
GKN1,DIG,1.3987370684221752,0.5109619192773794,2.017951032120239,2.5289129513976185,2.3551276893785933,1.969781899945092,True
SOX30,NEUTRAL,0.0154687003898527,0.13750352374993502,0.022316617341437667,0.15982014109137269,-0.025852514833706677,-0.02585251483370684,False
MRPS31,NEUTRAL,0.0052831695030435485,0.13750352374993502,0.007622002442216737,0.14512552619215174,-0.04054712973292865,-0.04054712973292865,False
ALB,DIG,0.9351383956281533,0.45943161863729726,1.3491195259175983,1.8085511445548956,1.6327149725245218,1.3009503937424511,True
POLI,NEUTRAL,-0.022279774740873223,0.13750352374993502,-0.03214292053078099,0.10536060321915403,-0.08031205270592617,-0.08031205270592634,False
RPL35AP17,NEUTRAL,0.007443242832846136,0.13750352374993502,0.01073832952307944,0.14824185327301445,-0.03743080265206594,-0.037430802652065776,False
PTPN6,DSG,0.04783413146106436,1.145677455195635,0.0690100642441083,1.2146875194397433,1.0188505307981786,0.020840932068962523,False
NAP1L4,NEUTRAL,0.05355427203265684,0.13750352374993502,0.07726248267993253,0.21476600642986754,0.029093350504787098,0.029093350504786782,False
CD59,DIG,-0.5889826429350851,0.3923174227787603,-0.8497223381321223,-0.457404915353362,-0.6364101291144939,-0.897891470307267,True
DDN,DIG,1.6607358321535544,0.4462562298895641,2.3959353492745388,2.842191579164103,2.643155838292966,2.3477662170993923,True
STAMBP,DIG,1.331965870046036,0.4329594072761063,1.9216205553487697,2.354579962624876,2.1782754069055215,1.8734514231736226,True
FKBP4P1,NEUTRAL,0.019401562295589814,0.13750352374993502,0.027990537709345717,0.16549406145928075,-0.02017859446579907,-0.020178594465799234,False
RPL19P16,NEUTRAL,0.017759889074242547,0.13750352374993502,0.025622103894147808,0.16312562764408284,-0.022547028280995817,-0.022547028280995817,False
RASSF4,DIG,-0.5672671098480688,0.53605290024021,-0.8183934462372238,-0.28234054599701375,-0.4829804737900296,-0.8665625784123708,True
SPECC1L,NEUTRAL,-0.0031881470486840513,0.13750352374993502,-0.004599523936761265,0.13290399981317375,-0.05276865611190624,-0.05276865611190624,False
SLC44A3,NEUTRAL,0.006920708910004582,0.13750352374993502,0.009984472423899675,0.1474879961738347,-0.03818465975124413,-0.0381846597512438,False
DAGLB,DIG,-1.1333026012261467,0.523561956057013,-1.6350100426155243,-1.1114480865585112,-1.2869107060839677,-1.6831791747906706,True
SNX14,NEUTRAL,-0.0005874882235168117,0.13750352374993502,-0.0008475663466483712,0.13665595740328665,-0.049016698521792246,-0.049016698521792246,False
ATP5F1AP3,NEUTRAL,0.028151201669227004,0.13750352374993502,0.04061359904325891,0.17811712279319392,-0.007555533131886426,-0.007555533131886748,False
IFNGR1,DIG,-0.6386028059403802,0.45943161863729726,-0.9213091012279636,-0.46187748259066636,-0.6517463602078662,-0.9694782334031093,True
BTF3P5,DIG,1.468884274361571,0.4854268271702419,2.119152058261222,2.604578885431464,2.428855791645434,2.0709829260860757,True
ECEL1,NEUTRAL,0.013104225874314548,0.13750352374993502,0.01890540168356244,0.15640892543349746,-0.029263730491581534,-0.029263730491581534,False
MARCHF6,DSG,-0.09510067118035195,-0.7369655941662062,-0.13720126669710572,-0.874166860863312,-1.0598395167883934,-0.18537039887225262,False
INAVA,DCG,-0.7210113288043705,1.20945336562895,-1.0401994684908271,0.16925389713812278,-0.011514616967775507,-1.0883686006659734,True
CASC2,NEUTRAL,0.03972090825328257,0.13750352374993502,0.05730515735661626,0.19480868110655128,0.009136025181472345,0.009136025181472662,False
NOB1,NEUTRAL,0.0852193456313881,0.13750352374993502,0.12294552733020617,0.26044905108014116,0.07477639515506233,0.07477639515506233,False
INSYN2A,NEUTRAL,0.07552735620770751,0.13750352374993502,0.1089629422523139,0.24646646600224892,0.06079381007716999,0.06079381007716968,False
AKR1C2,DSG,0.05668515693417778,1.1375035237499351,0.08177939480095092,1.219282918550886,1.0300346531091482,0.03361026262580455,False
FIGNL2,DIG,-0.9688164839831336,0.4724877714627438,-1.3977067369739486,-0.9252189655112049,-1.1115929688238715,-1.445875869149095,True
CERS3-AS1,DIG,-0.9114153126863279,0.49825086752782544,-1.3148943518028293,-0.8166434842750039,-1.0097903547922558,-1.3630634839779723,True
LINC01856,NEUTRAL,0.0005640500288696794,0.13750352374993502,0.0008137521794635632,0.13831727592939858,-0.04735537999568102,-0.04735537999568102,False
RPS20P15,NEUTRAL,-0.016322918632513936,0.13750352374993502,-0.023548993763961915,0.11395452998597311,-0.07171812593910638,-0.07171812593910604,False
CLIC4P1,NEUTRAL,0.011837409883201012,0.13750352374993502,0.017077772535464105,0.15458129628539913,-0.03109135963968054,-0.031091359639680703,False
NIFKP6,DIG,1.7322656529406892,0.49825086752782544,2.499131066999815,2.99738193452764,2.7987371855886773,2.450961934824668,True
PPP2R1B,NEUTRAL,-0.024401304543678944,0.13750352374993502,-0.035203641056386945,0.10229988269354807,-0.08337277323153114,-0.0833727732315308,False
TRMT10A,NEUTRAL,-0.009454403241305216,0.13750352374993502,-0.013639820670795576,0.12386370307913944,-0.061808952845940165,-0.061808952845940165,False
STK4,DCG,0.7871539183458657,-0.7369655941662062,1.1356230544138965,0.39865746024769033,0.21298480432260877,1.0874539222387503,True
PRKAR1A,DCG,-1.0114184861025597,1.4059923596758368,-1.459168434163586,-0.05317607448774919,-0.23673417195508833,-1.507337566338732,True
HMGN2P10,NEUTRAL,-0.022078138869112376,0.13750352374993502,-0.031852021458526295,0.10565150229140872,-0.08002115363367107,-0.08002115363367074,False
ETV3,DCG,-0.8404049758788789,1.2630344058337937,-1.2124480910388675,0.050586314794926146,-0.13234311746441524,-1.2606172232140138,True
CNGA4,NEUTRAL,-0.012089197750085429,0.13750352374993502,-0.017441025642374264,0.12006249810756076,-0.06561015781751836,-0.06561015781751871,False
RUNX1,DIG,-1.3755583709424848,0.560714954474479,-1.984511240212024,-1.423796285737545,-1.605011472488747,-2.0326803723871714,True
LINC01415,NEUTRAL,0.028855459955549372,0.13750352374993502,0.04162962898044115,0.17913315273037617,-0.00653950319470412,-0.00653950319470412,False
CDH3,NEUTRAL,0.047473516016056025,0.13750352374993502,0.0684898061299268,0.20599332987986183,0.02032067395478279,0.020320673954783104,False
DBI,NEUTRAL,0.005294786388765569,0.13750352374993502,0.007638762065638471,0.14514228581557348,-0.04053037010950727,-0.040530370109507434,False
NIFK,NEUTRAL,-0.022179251733267274,0.13750352374993502,-0.031997896486212644,0.10550562726372237,-0.08016702866135637,-0.08016702866135654,False
WDR53,DSG,-0.11606484765510751,1.1618876823768942,-0.16744618013355664,0.9944415022433376,0.821099047683075,-0.2156153123087013,False
HS6ST1,NEUTRAL,0.11926199044952616,0.13750352374993502,0.17205868218807832,0.3095622059380133,0.12388955001293449,0.12388955001293449,False
APOBEC3D,NEUTRAL,-0.009478876056579313,0.13750352374993502,-0.013675127480028108,0.12382839626990691,-0.06184425965517386,-0.06184425965517369,False
INSL3,DIG,-0.5702202274214253,0.5484366246960424,-0.8226538943154672,-0.27421726961942483,-0.46962399924842607,-0.870823026490611,True
GPX1,NEUTRAL,-0.007106620732899258,0.13750352374993502,-0.01025268648883245,0.12725083726110256,-0.05842181866397892,-0.058421818663978754,False
AK6,NEUTRAL,-0.0045716336931857825,0.13750352374993502,-0.006595473257920025,0.13090805049201498,-0.05476460543306471,-0.05476460543306438,False
GABPA,DIG,0.668419798848781,0.608809242675524,0.9643259290311349,1.5731351717066588,1.38900470944839,0.9161567968559884,True
MGAT3,NEUTRAL,0.013201949283252029,0.13750352374993502,0.01904638676101531,0.15654991051095032,-0.029122745414130395,-0.029122745414130232,False
RCC2P6,DIG,0.8360393366790017,0.49825086752782544,1.2061498050148942,1.7044006725427197,1.5202133265580537,1.157980672839749,True
HAVCR2,NEUTRAL,0.010563110319406726,0.13750352374993502,0.015239346874171118,0.15274287062410613,-0.03292978530097418,-0.03292978530097385,False
YBX1P4,DIG,-0.577452341111024,0.37851162325372983,-0.8330876288705964,-0.45457600561686656,-0.6334221127363975,-0.881256761045735,True
NIT2,DIG,-0.8082574747559967,0.45943161863729726,-1.1660690505919131,-0.7066374319546158,-0.8919290148720153,-1.21423818276706,True
SHOC2,NEUTRAL,-0.03025869869113312,0.13750352374993502,-0.04365407454545112,0.0938494492044839,-0.0918232067205962,-0.09182320672059587,False
SNORA2C,DIG,-1.425587073813066,0.4854268271702419,-2.0566874017455192,-1.5712605745752772,-1.7610950213741892,-2.1048565339206577,True
AFF4,NEUTRAL,0.019074787085951835,0.13750352374993502,0.027519100734915553,0.16502262448485058,-0.020650031440229557,-0.020650031440229557,False
C16orf96,DCG,-0.9690898361372676,1.446256229889564,-1.3981011007711341,0.048155129118429896,-0.14154025163187442,-1.446270232946276,True
SEZ6L,NEUTRAL,-0.00032605331710827625,0.13750352374993502,-0.00047039550365750673,0.1370331282462775,-0.048639527678802634,-0.048639527678802634,False
PSMD14,NEUTRAL,-0.02240410665781259,0.13750352374993502,-0.03232229357077363,0.1051812301791614,-0.08049142574591944,-0.0804914257459191,False
BCAS4,DCG,-1.0864632784608812,1.3575520046180838,-1.5674351839434784,-0.20988317932539458,-0.39215580386047966,-1.615604316118624,True
IQCJ-SCHIP1,DSG,-0.06917820217535715,-3.321928094887362,-0.09980304921600186,-3.421731144103364,-3.6074038000284427,-0.14797218139114582,False
ZNF597,DCG,-0.8556231385386938,1.1043366598147357,-1.234403258839624,-0.13006659902488837,-0.31939822340429513,-1.2825723910147684,True
SS18,NEUTRAL,-0.01888614470458371,0.13750352374993502,-0.02724694730681428,0.11025657644312074,-0.07541607948196057,-0.07541607948196057,False
GRIN1,NEUTRAL,0.020063858444146286,0.13750352374993502,0.028946029078468,0.166449552828403,-0.019223103096676686,-0.019223103096677012,False
CELF6,NEUTRAL,-0.020523539189894333,0.13750352374993502,-0.02960920821075085,0.10789431553918417,-0.07777834038589405,-0.07777834038589422,False
THUMPD1,DSG,-0.045387406814182456,1.185866545311334,-0.06548018672963098,1.1203863585817029,0.9384104638354699,-0.11364931890477628,False
RASSF2,DSG,-0.07173929754925351,-0.7369655941662062,-0.1034979288111658,-0.840463522977372,-1.0261361789024528,-0.15166706098631139,False
HOXA10-AS,DSG,-0.006537678427189094,1.4329594072761063,-0.009431876245832464,1.4235275310302737,1.2334002087638305,-0.05760100842097935,False
MRFAP1L1,NEUTRAL,-0.06615700498744354,0.13750352374993502,-0.09544438301545122,0.0420591407344838,-0.14361351519059637,-0.143613515190596,False
C17orf100,NEUTRAL,0.053914661248302895,0.13750352374993502,0.07778241441413496,0.21528593816407,0.029613282238990287,0.029613282238989975,False
C11orf58,NEUTRAL,0.01719268963647461,0.13750352374993502,0.024803808078084997,0.16230733182802,-0.02336532409706129,-0.023365324097060963,False
NPHP4,NEUTRAL,-0.013541823013949773,0.13750352374993502,-0.019536720906821375,0.11796680284311364,-0.06770585308196679,-0.06770585308196714,False
ARHGEF26-AS1,DSG,0.008799296991939163,1.1292830169449666,0.012694702133579802,1.1419777190785463,0.9615207466940017,-0.03547443004156703,False
RNU6-1165P,NEUTRAL,-0.048996389093468096,0.13750352374993502,-0.07068684756661252,0.0668166761833225,-0.11885597974175716,-0.11885597974175663,False
LOXL4,NEUTRAL,-0.036254113354933615,0.13750352374993502,-0.05230362954898907,0.08519989420094595,-0.10047276172413408,-0.10047276172413408,False
ATF7,DIG,1.0503935558829451,0.4462562298895641,1.5153975740540493,1.9616538039436133,1.7576431840392377,1.4672284418789023,True
SLC16A10,DIG,1.0403118596532444,0.4462562298895641,1.500852760899711,1.9471089907892751,1.7599287925307208,1.452683628724564,True
FAM78B,DCG,-0.8856122993437828,1.1779177921958432,-1.2776684724135476,-0.09975068021770439,-0.2936699202226231,-1.325837604588694,True
HK2,DIG,0.5760137384184602,0.4329594072761063,0.831012163900225,1.2639715711763313,1.0935714154706022,0.7828430317250794,True
SREBF2,NEUTRAL,0.05353182703447591,0.13750352374993502,0.07723010139236415,0.21473362514229916,0.029060969217219308,0.029060969217219623,False
LDHAP7,DIG,1.2929785470569684,0.405992359675837,1.8653737378149056,2.2713660974907426,2.096023816256978,1.8172046056397595,True
CNNM4,NEUTRAL,0.008633417148464724,0.13750352374993502,0.012455388106015793,0.1499589118559508,-0.03571374406912865,-0.03571374406912881,False
ARID2,DIG,-1.7140187931512945,0.523561956057013,-2.4728064128698586,-1.9492444568128455,-2.143166560403328,-2.5209755450450055,True
GAPDHP22,NEUTRAL,0.012821517033778504,0.13750352374993502,0.01849753904130562,0.15600106279124065,-0.029671593133839255,-0.029671593133839092,False
NPM1P40,DCG,2.0794415416798357,-3.321928094887362,3.0,-0.3219280948873622,-0.5076007508124376,2.9518308678248495,True
TDRD6,DIG,1.44377279012786,0.5109619192773794,2.082923844487886,2.5938857637652655,2.3935615183330308,2.034754712312741,True
ARF4,NEUTRAL,0.037833937143188764,0.13750352374993502,0.05458283349378319,0.1920863572437182,0.0064137013186384645,0.0064137013186384645,False
SEC23A,DIG,-1.3297010039099664,0.4724877714627438,-1.9183530442059846,-1.4458652727432408,-1.6345036042378422,-1.9665221763811294,True
GTF2IP7,DIG,1.6130824751632709,0.49825086752782544,2.3271860874629455,2.8254369549907707,2.654642879495346,2.2790169552877995,True
PINLYP,DIG,1.2275203461173214,0.5109619192773794,1.7709375159337637,2.2818994352111432,2.096016857077057,1.7227683837586172,True
TPSD1,DSG,0.03275267502497701,1.1210154009613662,0.04725212183438214,1.1682675227957484,0.9720906700444681,-0.0009170103407641923,False
GATA2,DIG,1.4981544339899409,0.49825086752782544,2.1613799724030995,2.6596308399309248,2.47500193686302,2.1132108402279526,True
KDM4A-AS1,NEUTRAL,0.03331593094256612,0.13750352374993502,0.048064728353439314,0.18556825210337433,-0.00010440382170652938,-0.00010440382170572847,False
TNNT1,DIG,0.6958068412186406,0.4724877714627438,1.0038370792427471,1.476324850705491,1.2911537914311992,0.9556679470676015,True
ABHD17A,NEUTRAL,-0.021611485781830076,0.13750352374993502,-0.031178783363688595,0.10632474038624642,-0.07934791553883429,-0.07934791553883445,False
H4C5,DIG,-0.883378936992135,0.49825086752782544,-1.2744464116243173,-0.7761955440964918,-0.9684204033736021,-1.3226155437994624,True
SP110,NEUTRAL,-0.003454162866830191,0.13750352374993502,-0.004983303638398722,0.1325202201115363,-0.053152435813544195,-0.053152435813544195,False
PITRM1-AS1,DSG,-0.014186345146905784,1.439623137557117,-0.020466569791780187,1.4191565677653366,1.2300807525159778,-0.06863570196692506,False
TSNAX,DCG,2.0794415416798357,-3.321928094887362,3.0,-0.3219280948873622,-0.5076007508124422,2.9518308678248557,True
EGFL7,NEUTRAL,-0.014759532927068723,0.13750352374993502,-0.021293504959719413,0.11621001879021561,-0.06946263713486535,-0.06946263713486518,False
SNORA12,NEUTRAL,-0.0016488514138932658,0.13750352374993502,-0.0023787897579865703,0.13512473399194844,-0.05054792193313173,-0.05054792193313173,False
HOXA2,DSG,-0.060089390708208464,1.1127001327493624,-0.08669066598477171,1.0260094667645907,0.8287285528925783,-0.13485979815991694,False
COX6B1,DIG,-0.7318066161157815,0.4854268271702419,-1.0557737759599712,-0.5703469487897294,-0.7633365403794349,-1.103942908135117,True
STARD3NL,DIG,1.2528339120686025,0.608809242675524,1.8074572719988926,2.4162665146744167,2.2443470398246177,1.7592881398237463,True
NRSN1,DIG,0.6570411162538884,0.5969351423872323,0.9479099600796337,1.5448451024668661,1.3606630618177509,0.8997408279044885,True
DUS4L,DIG,1.3546788182186795,0.4329594072761063,1.9543884130414106,2.387347820317517,2.210577157451209,1.9062192808662655,True
AMOTL2,DIG,-1.1140123948820835,0.49825086752782544,-1.6071801575852196,-1.1089292900573942,-1.2928380017458834,-1.6553492897603652,True
FBXW8,NEUTRAL,-0.03839403005335493,0.13750352374993502,-0.05539087675771698,0.08211264699221804,-0.10356000893286284,-0.10356000893286318,False
OR13A1,DIG,-1.1358486680978344,0.5849625007211562,-1.6386832406650798,-1.0537207399439237,-1.241911646824389,-1.6868523728402178,True
EVPL,DSG,0.02975183239620039,1.2630344058337937,0.04292282105535791,1.3059572268891515,1.119139310668662,-0.00524631111978687,False
ZNF354A,DIG,-1.3149244816643846,0.45943161863729726,-1.8970350288406985,-1.4376034102034012,-1.6208865000007662,-1.945204161015844,True
H2BC6,DIG,0.7799779413232448,0.5109619192773794,1.1252703079498283,1.6362322272272078,1.4416276926700506,1.077101175774681,True
MROH2A,NEUTRAL,-0.006741050852196975,0.13750352374993502,-0.009725280634844896,0.12777824311509012,-0.057894412809989734,-0.0578944128099894,False
INPP5K,NEUTRAL,-0.017991839599498675,0.13750352374993502,-0.02595673776666641,0.11154678598326861,-0.0741258699418101,-0.0741258699418101,False
ERC2,NEUTRAL,0.040100197445063636,0.13750352374993502,0.057852355992661586,0.1953558797425966,0.009683223817516634,0.009683223817516634,False
CALHM1,NEUTRAL,-0.016953369623351526,0.13750352374993502,-0.02445854228196684,0.11304498146796818,-0.0726276744571114,-0.07262767445711123,False
COASY,NEUTRAL,0.05907699391528737,0.13750352374993502,0.08523008615221256,0.22273360990214758,0.03706095397706738,0.03706095397706738,False
DCTN1-AS1,DIG,-1.1370918234921064,0.4854268271702419,-1.6404767347874503,-1.1550499076172085,-1.342878751627898,-1.6886458669625959,True
MIR4442,NEUTRAL,-0.013183291341338384,0.13750352374993502,-0.0190194690407433,0.11848405470919172,-0.06718860121588784,-0.067188601215888,False
ALOX5AP,NEUTRAL,0.01499882691404032,0.13750352374993502,0.021638733208037886,0.1591422569579729,-0.026530398967107443,-0.026530398967107773,False
GRIA2,NEUTRAL,-0.06683176078473108,0.13750352374993502,-0.09641784985800902,0.041085673891925995,-0.14458698203315465,-0.144586982033155,False
HMGB1P35,NEUTRAL,-0.0549543526909364,0.13750352374993502,-0.07928237210247702,0.058221151647458,-0.12745150427762186,-0.1274515042776215,False
MIR6717,NEUTRAL,0.019658396335491955,0.13750352374993502,0.028361070905044018,0.16586459465497905,-0.01980806127010051,-0.019808061270100187,False
SOAT2,DIG,1.2248189904599598,0.49825086752782544,1.7670402835232106,2.265291151051036,2.0721963923837534,1.718871151348065,True
PACSIN1,DIG,-1.6507680362091934,0.53605290024021,-2.381554859497016,-1.845501959256806,-2.033502572430258,-2.429723991672162,True
FOXE3,NEUTRAL,-0.01971559290205955,0.13750352374993502,-0.02844358810798696,0.10905993564194806,-0.07661272028313142,-0.07661272028313142,False
ALDH1L2,NEUTRAL,0.0020442414640500285,0.13750352374993502,0.0029492170225645705,0.14045274077249958,-0.04521991515257945,-0.04521991515257995,False
CKMT2-AS1,NEUTRAL,0.01769940849837444,0.13750352374993502,0.02553484886727278,0.1630383726172078,-0.022634283307871057,-0.02263428330787122,False
RPA2,NEUTRAL,0.050978532875594874,0.13750352374993502,0.07354647657141572,0.21105000032135074,0.02537734439627099,0.02537734439627099,False
SGCA,DSG,-0.0595664434039322,1.4594316186372973,-0.08593621250224609,1.3734954061350513,1.1979826494355719,-0.1341053446773921,False
TRAV1-1,NEUTRAL,-0.006450001228097264,0.13750352374993502,-0.009305384785503646,0.12819813896443139,-0.05747451696064926,-0.05747451696064859,False
NUP42,DSG,-0.06361332620018341,1.3504972470841334,-0.09177463024345657,1.2587226168406769,1.0698660284604393,-0.1399437624186018,False
CD79A,DIG,1.7001583804514686,0.4854268271702419,2.4528100642031454,2.9382368913733874,2.7524753352335307,2.4046409320279976,True
IRAK1BP1,NEUTRAL,0.006696665308296377,0.13750352374993502,0.009661245830772346,0.14716476958070737,-0.038507886344371474,-0.03850788634437114,False
WDR7-OT1,NEUTRAL,-0.02039715043891676,0.13750352374993502,-0.029426867786491354,0.10807665596344367,-0.07759599996163719,-0.07759599996163702,False
PDE4B,NEUTRAL,0.03353572597827198,0.13750352374993502,0.04838182556146416,0.1858853493113992,0.00021269338631904857,0.00021269338631904857,False
B3GALT2,DCG,-0.9003286878116781,1.2927817492278462,-1.2988997330759757,-0.00611798384812956,-0.19783275375790857,-1.3470688652511185,True
PSTPIP2,NEUTRAL,0.00900093980962295,0.13750352374993502,0.012985611226683081,0.1504891349766181,-0.03518352094846233,-0.035183520948462006,False
UBE2Q2P11,NEUTRAL,-0.06635395281918437,0.13750352374993502,-0.09572851867561755,0.04177500507431747,-0.1438976508507623,-0.14389765085076162,False
NTN5,DIG,-0.9091875818546755,0.560714954474479,-1.311680415579569,-0.7509654611050899,-0.9411787319721185,-1.3598495477547154,True
UBE2FP1,NEUTRAL,-0.003967704319747348,0.13750352374993502,-0.005724187345813217,0.13177933640412182,-0.053893319520958244,-0.05389331952095858,False
IPMK,NEUTRAL,-0.0033293719060870247,0.13750352374993502,-0.004803268338186786,0.13270025541174824,-0.05297240051333175,-0.052972400513332074,False
KDR,NEUTRAL,0.020595277172434794,0.13750352374993502,0.029712704242405352,0.16721622799234037,-0.0184564279327397,-0.018456427932739862,False
EPM2A,DIG,0.9880903049898063,0.49825086752782544,1.425512982959257,1.9237638504870824,1.7392317450449317,1.3773438507841098,True
CYP27C1,NEUTRAL,0.028017082749797008,0.13750352374993502,0.040420106343307866,0.17792363009324288,-0.007749025831837575,-0.007749025831837414,False
PARVA,NEUTRAL,-0.009136892708963491,0.13750352374993502,-0.013181749800356156,0.12432177394957886,-0.06135088197550246,-0.06135088197550229,False
MTG1,NEUTRAL,-0.11068283562270768,0.13750352374993502,-0.1596815780644087,-0.022178054314473672,-0.20785071023955382,-0.20785071023955362,False
C6orf15,DIG,-0.6537586072625532,0.560714954474479,-0.9431743006361609,-0.38245934616168187,-0.5671402347386656,-0.9913434328113069,True
CENPA,DIG,-1.5946318348332598,0.523561956057013,-2.3005674401576126,-1.7770054841005996,-1.9609612628880881,-2.3487365723327587,True
OLIG1,DIG,1.1548320491701125,0.49825086752782544,1.666070470397361,2.1643213379251867,1.9818057897335581,1.6179013382222143,True
LZTS2,NEUTRAL,-0.012746285025853956,0.13750352374993502,-0.018389002196556755,0.11911452155337826,-0.06655813437170084,-0.06655813437170051,False
LINC02481,NEUTRAL,0.01316252234982759,0.13750352374993502,0.01898950571968641,0.15649302946962143,-0.029179626455458307,-0.029179626455457977,False
CLEC3A,NEUTRAL,-0.04082997598347031,0.13750352374993502,-0.05890520387096809,0.07859831987896693,-0.10707433604611313,-0.10707433604611313,False
MAN1A1,DIG,1.297583429352298,0.405992359675837,1.8720171786662552,2.278009538342092,2.0841682416213234,1.8238480464911107,True
DTWD2,NEUTRAL,0.07476334449863033,0.13750352374993502,0.10786070634844713,0.24536423009838215,0.059691574173300926,0.05969157417330123,False
EIF5AP3,DIG,-1.3512825748576762,0.4329594072761063,-1.949488669586839,-1.5165292623107327,-1.704101053534063,-1.9976578017619606,True
SLC38A10,DSG,-0.1300915731543817,1.1043366598147357,-0.1876824674512703,0.9166541923634655,0.7291341292021434,-0.23585159962641522,False
MAPKAPK2,DCG,0.7948824457715918,-0.7369655941662062,1.146772962604366,0.4098073684381597,0.22413471251307868,1.0986038304292198,True
LINC00922,NEUTRAL,0.00723398808855464,0.13750352374993502,0.010436438741207612,0.14793996249114263,-0.03773269343393747,-0.0377326934339373,False
BORCS6,NEUTRAL,-0.043896283724287034,0.13750352374993502,-0.06332895084248383,0.07417457290745119,-0.11149808301762876,-0.11149808301762859,False
MCC,NEUTRAL,0.0012613517978828015,0.13750352374993502,0.001819745983621896,0.1393232697335569,-0.046349386191522984,-0.04634938619152332,False
IL6R-AS1,DCG,-0.8272982562994982,1.20945336562895,-1.1935390916993727,0.015914273929577227,-0.17311401107588809,-1.2417082238745147,True
OR10AB1P,NEUTRAL,-0.025878156528576633,0.13750352374993502,-0.037334288091125864,0.10016923565880916,-0.08550342026626989,-0.08550342026627022,False
RPS9,DIG,1.468684156918353,0.5849625007211562,2.1188633498182963,2.7038258505394523,2.5081274886722187,2.070694217643148,True
PALM3,DIG,-0.8825962885888671,0.4329594072761063,-1.273317288654163,-0.8403578813780568,-1.0293396948897375,-1.3214864208293093,True
ZNF263,DSG,-0.01229569073291949,1.3785116232537298,-0.017738932044687333,1.3607726912090425,1.1781261856164376,-0.06590806421983292,False
MYL7,DIG,-1.4273094332347955,0.560714954474479,-2.0591722411418765,-1.4984572866673975,-1.678976974157073,-2.1073413733170216,True
RPL12P1,DIG,1.4083055566661278,0.5728896684205812,2.0317554426585938,2.604645111079175,2.424234113738396,1.9835863104834455,True
ODF2L,NEUTRAL,-0.044216398694289547,0.13750352374993502,-0.06379077912222077,0.07371274462771425,-0.11195991129736406,-0.1119599112973644,False
LRFN2,DIG,-1.545750863416695,0.5969351423872323,-2.2300471051010993,-1.6331119627138668,-1.8236832321758722,-2.2782162372762427,True
ASS1P1,DIG,-1.56341370996351,0.523561956057013,-2.255529206222172,-1.7319672501651588,-1.9225465646848725,-2.303698338397317,True
SLC29A3,NEUTRAL,-0.017412206029956207,0.13750352374993502,-0.025120503290354725,0.11238302045958029,-0.07328963546549933,-0.07328963546549949,False
IPO11,NEUTRAL,-0.0054895234271636634,0.13750352374993502,-0.007919708225212804,0.1295838155247222,-0.056088840400358206,-0.05608884040035754,False
LINC01232,NEUTRAL,0.02104677298260906,0.13750352374993502,0.030364075008725906,0.16786759875866092,-0.01780505716641829,-0.01780505716641829,False
COL8A2,NEUTRAL,0.051577733685707956,0.13750352374993502,0.0744109406086625,0.2119144643585975,0.026241808433516825,0.026241808433517453,False
TBCC,DIG,-1.4291268720217463,0.560714954474479,-2.06179425106693,-1.5010792965924509,-1.6983306705654522,-2.109963383242075,True
RPL12P14,NEUTRAL,-0.08611420889454871,0.13750352374993502,-0.1242365421222417,0.013266981627693325,-0.17240567429738707,-0.1724056742973869,False
PHKB,NEUTRAL,-0.05307592427847526,0.13750352374993502,-0.0765723727471544,0.060931151002780626,-0.12474150492230003,-0.12474150492230038,False
SSTR1,DIG,-0.9172375224233356,0.4724877714627438,-1.3232940249174256,-0.8508062534546819,-1.038467304814748,-1.3714631570925702,True
SEMA6D,NEUTRAL,-0.07149551394989548,0.13750352374993502,-0.10314622342132192,0.0343573003286131,-0.15131535559646522,-0.15131535559646558,False
PIK3R5,NEUTRAL,-0.014652225118927241,0.13750352374993502,-0.021138692517065034,0.11636483123286999,-0.06930782469221028,-0.06930782469221045,False
TP53BP1,NEUTRAL,0.01026807067820588,0.13750352374993502,0.014813694646944998,0.15231721839688,-0.03335543752819914,-0.03335543752819897,False
SPEF1,DSG,0.05332079735331933,1.2555007331483865,0.07692564991787916,1.3324263830662657,1.1385036824245396,0.0287565177427326,False
TSSC4,NEUTRAL,-0.025167923415617077,0.13750352374993502,-0.03630963830118398,0.10119388544875105,-0.084478770476329,-0.084478770476329,False
RPS4XP13,DIG,1.100431160859912,0.4854268271702419,1.5875865786122803,2.0730134057825222,1.8849335356661248,1.5394174464371349,True
MNX1,DIG,1.3896077451945954,0.4724877714627438,2.004780202773137,2.4772679742358807,2.306584769411685,1.9566110705979913,True
HUNK,DIG,0.9374947962140482,0.4329594072761063,1.3525190933572167,1.785478500633323,1.6037141599883913,1.3043499611820712,True
SLC15A4,NEUTRAL,0.004112465950500463,0.13750352374993502,0.005933034232611736,0.14343655798254676,-0.04223609794253319,-0.04223609794253319,False
IQCJ,DSG,0.10371498497067992,1.1618876823768942,0.1496290944830733,1.3115167768599676,1.1285881554669963,0.10145996230792943,False
SNAP23,NEUTRAL,0.05614774570742288,0.13750352374993502,0.08100407428919358,0.21850759803912861,0.032834942114047846,0.032834942114047846,False
LNCOC1,DCG,-0.9675713471681212,1.3923174227787602,-1.3959103842657021,-0.0035929614869418813,-0.1880762426708192,-1.444079516440848,True
HBEGF,NEUTRAL,-0.05680051557682229,0.13750352374993502,-0.08194582214261784,0.055557701607317184,-0.13011495431776343,-0.1301149543177638,False
ZCRB1,DIG,-1.6061513727442196,0.5484366246960424,-2.317186620375087,-1.7687499956790445,-1.964830411760737,-2.3653557525502333,True
NIF3L1,NEUTRAL,-0.06746036798177792,0.13750352374993502,-0.0973247383438556,0.040178785406079415,-0.145493870518999,-0.1454938705189992,False
FREM2,NEUTRAL,-0.03902417585036813,0.13750352374993502,-0.05629998497410495,0.08120353877583007,-0.1044691171492502,-0.10446911714925003,False
FLVCR1,DCG,-0.7131723695859605,1.1937717433966801,-1.0288902409006964,0.16488150249598377,-0.019817227189812374,-1.0770593730758413,True
KCNA4,DIG,1.1673044985261039,0.35049724708413343,1.6840644112309884,2.0345616583151216,1.8580413775407896,1.6358952790558428,True
EBF2,NEUTRAL,-0.04320932969710661,0.13750352374993502,-0.06233788567415193,0.07516563807578308,-0.11050701784929613,-0.11050701784929595,False
PTP4A2P1,NEUTRAL,-0.012520517557786175,0.13750352374993502,-0.01806328858998131,0.11944023515995371,-0.066232420765125,-0.066232420765125,False
LINC00571,NEUTRAL,0.009201784311621471,0.13750352374993502,0.013275368593706162,0.15077889234364117,-0.03489376358143796,-0.034893763581438295,False
SKAP2,DSG,-0.06357811679310438,1.439623137557117,-0.09172383380647102,1.347899303750646,1.1624950347849334,-0.13989296598161713,False
VAX2,DIG,1.0294879618758666,0.3645724322958561,1.485237177253199,1.849809609549055,1.6722304107644563,1.4370680450780544,True
HIVEP3,NEUTRAL,0.022881441162253987,0.13750352374993502,0.03301094169317643,0.17051446544311144,-0.015158190481969284,-0.015158190481969609,False
TMEM138,DIG,0.7168018138051903,0.5109619192773794,1.0341264220769621,1.5450883413543415,1.3695790566521158,0.9859572899018163,True
LINC00639,DIG,-0.6731002674491207,0.405992359675837,-0.9710784178698814,-0.5650860581940443,-0.7471422280167637,-1.0192475500450267,True
ARL8A,DCG,-0.7785047759571586,1.1618876823768942,-1.1231449795817663,0.038742702795127926,-0.1508180423630916,-1.171314111756911,True
PAWR,DIG,1.259672147156525,0.4724877714627438,1.8173227598486712,2.289810531311415,2.112310391556144,1.7691536276735254,True
ANGPT1,DCG,-0.7222544474539497,1.1618876823768942,-1.0419929096018117,0.11989477277508254,-0.059287037626843425,-1.0901620417769562,True
P4HB,DSG,0.057814945290002986,1.4195388915137848,0.08340933485915404,1.5029482263729388,1.3129638377075084,0.03524020268400887,False
C9,DSG,0.06775952640225405,1.2479275134435854,0.0977563327135167,1.3456838461571021,1.1543245370873365,0.049587200538371005,False
KRT20,DIG,-1.4695321760012408,0.3923174227787603,-2.1200867827437575,-1.7277693599649973,-1.9169835917761167,-2.168255914918897,True
TMEM198B,DIG,-0.9558307662528546,0.4724877714627438,-1.3789723064020913,-0.9064845349393476,-1.0962745281958866,-1.4271414385772359,True
MIR6735,NEUTRAL,0.002802327620021113,0.13750352374993502,0.004042904160350631,0.14154642791028565,-0.0441262280147944,-0.04412622801479423,False
TMED6,NEUTRAL,0.007130399911601467,0.13750352374993502,0.01028699259202254,0.14779051634195756,-0.03788213958312166,-0.03788213958312182,False
TRNAU1AP,NEUTRAL,0.04580418675576824,0.13750352374993502,0.06608147308449878,0.20358499683443382,0.01791234090935441,0.017912340909354094,False
STIM1,NEUTRAL,0.037990209088159074,0.13750352374993502,0.054808286253821926,0.19231181000375694,0.006639154078677162,0.006639154078677162,False
UNC45B,NEUTRAL,-0.046827146329307325,0.13750352374993502,-0.06755729178827351,0.06994623196166151,-0.1157264239634182,-0.11572642396341803,False
ZBTB1,NEUTRAL,0.054723682383713404,0.13750352374993502,0.07894958519416606,0.21645310894410108,0.030780453019021117,0.030780453019021117,False
ITGA4,NEUTRAL,-0.03358271305412707,0.13750352374993502,-0.04844961358278618,0.08905391016714884,-0.09661874575793054,-0.09661874575793072,False
TCP10L,DIG,0.8350405371196411,0.560714954474479,1.2047088418437626,1.7654237963182418,1.5815832412734763,1.1565397096686154,True
ZEB2,NEUTRAL,-0.006689221159136685,0.13750352374993502,-0.009650506193696019,0.127853017556239,-0.057819638368841055,-0.05781963836884139,False
CD180,NEUTRAL,-0.04253938270295897,0.13750352374993502,-0.06137135646803665,0.07613216728189837,-0.10954048864318108,-0.10954048864318108,False
CADM4,DIG,-1.560852359633,0.45943161863729726,-2.251833958802366,-1.7924023401650686,-1.9833393000429533,-2.300003090977511,True
DAXX,DIG,-1.4321835269721028,0.632268215499513,-2.066204072005518,-1.433935856506005,-1.6155247595123574,-2.1143732041806653,True
ASNS,DIG,0.911513517696078,0.523561956057013,1.3150360316833862,1.8385979877403993,1.6701554937879317,1.2668668995082393,True
KRT32,DIG,-1.0467426909624422,0.405992359675837,-1.510130489338284,-1.104138129662447,-1.2886323308130243,-1.5582996215134264,True
ANKRD29,NEUTRAL,0.04398524986117127,0.13750352374993502,0.06345730184697376,0.20096082559690878,0.015288169671828637,0.015288169671828637,False
PACRGL,NEUTRAL,0.04446869379811581,0.13750352374993502,0.06415476401735148,0.2016582877672865,0.01598563184220649,0.015985631842206804,False
RNF14,NEUTRAL,0.004490931910641002,0.13750352374993502,0.006479045196451771,0.14398256894638678,-0.04169008697869201,-0.04169008697869201,False
GAPDHP69,NEUTRAL,0.029092927818587414,0.13750352374993502,0.04197222268881663,0.17947574643875164,-0.006196909486327853,-0.006196909486327853,False
FAM171A2,NEUTRAL,0.017646942922968412,0.13750352374993502,0.025459157041817115,0.16296268079175213,-0.022709975133326794,-0.02270997513332712,False
RAP1B,DSG,-0.01806628132225245,1.0443941193584534,-0.026064134470918515,1.018329984887535,0.826841739991607,-0.07423326664606343,False
RNF26,NEUTRAL,0.06395035543511997,0.13750352374993502,0.09226086064933414,0.22976438439926916,0.04409172847418882,0.04409172847418912,False
RBM39,DCG,-0.8756596436809453,1.1043366598147357,-1.2633098254450965,-0.1589731656303608,-0.34165583625790275,-1.3114789576202428,True
CCR5AS,NEUTRAL,0.06822005574817103,0.13750352374993502,0.09842073611705496,0.23592425986698998,0.05025160394190969,0.05025160394190969,False
MAPRE3-AS1,DIG,-1.1280648198586434,0.4329594072761063,-1.6274535214113666,-1.1944941141352603,-1.3687469353327397,-1.675622653586501,True
MAN2A1,NEUTRAL,-0.0012044858764426725,0.13750352374993502,-0.0017377058007646403,0.1357658179491704,-0.04990683797590956,-0.04990683797590989,False
ABCD3,NEUTRAL,0.07291268463237731,0.13750352374993502,0.10519076853703169,0.2426942922869667,0.057021636361888124,0.057021636361888124,False
GPAT3,NEUTRAL,0.024079115539540976,0.13750352374993502,0.034738820577888144,0.17224234432782315,-0.013430311597257013,-0.013430311597256528,False
RPRD1A,NEUTRAL,0.0020253481350532257,0.13750352374993502,0.0029219597105149993,0.14042548346045003,-0.045247172464630316,-0.04524717246462999,False
CCDC134,NEUTRAL,0.022522929214186343,0.13750352374993502,0.032493718283599794,0.1699972420335348,-0.01567541389154459,-0.015675413891544428,False
LINC02608,DCG,-0.9923271161068586,1.2555007331483865,-1.4316254093470115,-0.17612467619862504,-0.354426124269391,-1.4797945415221543,True
LIPG,NEUTRAL,-0.011810089638750175,0.13750352374993502,-0.017038357754279008,0.12046516599565602,-0.0652074899294242,-0.06520748992942436,False
SLC24A4,NEUTRAL,0.010543765219034332,0.13750352374993502,0.015211437793798367,0.15271496154373337,-0.03295769438134535,-0.032957694381345506,False
TCF12,NEUTRAL,0.011412960545439863,0.13750352374993502,0.01646542158076749,0.15396894533070252,-0.03170371059437655,-0.03170371059437639,False
RPL7P17,NEUTRAL,0.05586064738520824,0.13750352374993502,0.08058987896348697,0.21809340271342198,0.03242074678834244,0.03242074678834244,False
ZNF620,NEUTRAL,0.008490154815904195,0.13750352374993502,0.012248704249284531,0.14975222799921956,-0.03592042792586042,-0.03592042792586059,False
SMC1B,NEUTRAL,-0.01136440581395649,0.13750352374993502,-0.016395371910444732,0.12110815183949028,-0.06456450408559038,-0.06456450408559038,False
TMUB2,NEUTRAL,0.03144089320636369,0.13750352374993502,0.045359620709940394,0.18286314445987542,-0.0028095114652040665,-0.002809511465203906,False
NEURL1,NEUTRAL,-0.026322233120235638,0.13750352374993502,-0.03797495518768718,0.09952856856224784,-0.08614408736283312,-0.08614408736283345,False
ICE2,NEUTRAL,-0.044069010723950114,0.13750352374993502,-0.06357814322832538,0.07392538052160964,-0.11174727540347001,-0.11174727540347036,False
RPL34-DT,NEUTRAL,0.014896141293097182,0.13750352374993502,0.021490589171932615,0.15899411292186763,-0.026678543003211434,-0.026678543003211597,False
RANBP10,NEUTRAL,-0.016863665068667037,0.13750352374993502,-0.024329125965778377,0.11317439778415664,-0.07249825814092375,-0.07249825814092392,False
PPIH,DIG,1.540771557350358,0.32192809488736235,2.2228634849321267,2.544791579819489,2.3527488817769266,2.1746943527569806,True
VDR,DIG,-1.4431687986354362,0.405992359675837,-2.082052468957027,-1.67606010928119,-1.873675706957243,-2.130221601132174,True
IFI6,NEUTRAL,-0.047932119889101586,0.13750352374993502,-0.06915143166330211,0.06835209208663291,-0.1173205638384453,-0.11732056383844583,False
COA1,DIG,-1.3132104119710748,0.5109619192773794,-1.8945621489944222,-1.3836002297170427,-1.5746086424167385,-1.9427312811695672,True
CFAP206,NEUTRAL,-0.022445091897374113,0.13750352374993502,-0.03238142277263869,0.10512210097729632,-0.08055055494778442,-0.0805505549477839,False
SEMA3G,NEUTRAL,-0.0036385976288643555,0.13750352374993502,-0.0052493867549529465,0.13225413699498206,-0.05341851893009723,-0.05341851893009739,False
ZNF180,DIG,0.6617063069179421,0.523561956057013,0.9546404075154654,1.4782023635724784,1.2835729945694994,0.9064712753403197,True
DBIL5P2,DIG,-1.116014013969807,0.5109619192773794,-1.6100678835168267,-1.0991059642394472,-1.2775287053733453,-1.6582370156919561,True
FAM222A-AS1,NEUTRAL,-0.040428452857516096,0.13750352374993502,-0.058325928448351716,0.0791775953015833,-0.10649506062349666,-0.10649506062349683,False
RNF113B,NEUTRAL,-0.002845505179385933,0.13750352374993502,-0.004105196211123946,0.13339832753881106,-0.052274328386268665,-0.0522743283862685,False
MYADM-AS1,DIG,0.9441578438899412,0.5969351423872323,1.3621318391964343,1.9590669815836668,1.7698534592072992,1.3139627070212878,True
GATAD2A,DIG,1.4647447049679896,0.4854268271702419,2.1131799220256866,2.5986067491959286,2.4067930107921875,2.06501078985054,True
INMT,DIG,-0.6522615839907357,0.4854268271702419,-0.9410145525858146,-0.4555877254155727,-0.6318940604242842,-0.9891836847609611,True
PIGF,DIG,-0.923410730261207,0.4329594072761063,-1.3322000812514996,-0.8992406739753933,-1.0803565228298442,-1.3803692134266454,True
COX7C,NEUTRAL,-0.026093581668134434,0.13750352374993502,-0.037645080871648716,0.0998584428782863,-0.08581421304679239,-0.08581421304679222,False
ZFAND3,DIG,-1.0528739106833958,0.49825086752782544,-1.5189759696243046,-1.0207251020964792,-1.2104757202752703,-1.56714510179945,True
MARVELD2,NEUTRAL,0.0772790564067829,0.13750352374993502,0.11149011144264416,0.24899363519257917,0.06332097926749833,0.06332097926749833,False
KRT8P24,NEUTRAL,0.011154432984642504,0.13750352374993502,0.01609244515087202,0.15359596890080704,-0.03207668702427354,-0.032076687024273215,False
IL34,NEUTRAL,0.019409560308419005,0.13750352374993502,0.028002076402791357,0.16550560015272636,-0.020167055772352567,-0.020167055772352727,False
MISP,NEUTRAL,0.0027975146452344593,0.13750352374993502,0.0040359605054940025,0.14153948425542903,-0.04413317166965135,-0.04413317166965135,False
HCRTR2,DIG,-1.6779607055052228,0.5728896684205812,-2.4207855886389313,-1.8478959202183503,-2.038852730714544,-2.468954720814067,True
SLC28A2,NEUTRAL,0.014762733970527442,0.13750352374993502,0.021298123089242976,0.158801646839178,-0.02687100908590238,-0.02687100908590189,False
SAYSD1,DIG,1.5483598100468097,0.5969351423872323,2.2338110194663097,2.830746161853542,2.643516816538668,2.1856418872911636,True
EIF4H,DIG,-1.5521924312621087,0.49825086752782544,-2.2393403230872275,-1.741089455559402,-1.9218141330578862,-2.2875094552623736,True
LAYN,NEUTRAL,0.021325406960657132,0.13750352374993502,0.03076605886707903,0.16826958261701405,-0.017403073308067143,-0.017403073308066983,False
DLGAP2,NEUTRAL,0.009030068902133322,0.13750352374993502,0.01302763562399339,0.1505311593739284,-0.03514149655115103,-0.035141496551150536,False
DDI2,NEUTRAL,0.03985068690350195,0.13750352374993502,0.05749238837170102,0.19499591212163603,0.009323256196556768,0.009323256196556768,False
PMS2P1,DSG,0.0012353102432584955,1.2016338611696507,0.0017821759619083704,1.203416037131559,1.0148312160295716,-0.04638695621323807,False
DMC1,NEUTRAL,-0.0387177527859708,0.13750352374993502,-0.055857909938684926,0.0816456138112501,-0.10402704211382878,-0.1040270421138293,False
KCNJ16,DSG,0.10524410956958782,1.4659744645040693,0.15183515495881905,1.6178096194628884,1.431816401778415,0.10366602278367323,False
ALOX12B,NEUTRAL,0.02037997828055198,0.13750352374993502,0.029402093598777126,0.16690561734871215,-0.01876703857636814,-0.018767038576367977,False
PPP1R11,DIG,-0.6619314873218912,0.5849625007211562,-0.9549652741675483,-0.3700027734463921,-0.5514528438638869,-1.0031344063426937,True
VN1R1,DIG,-0.8235336006465699,0.5728896684205812,-1.1881078416582385,-0.6152181732376573,-0.8056218976268128,-1.2362769738333852,True
MCTP1,NEUTRAL,0.06891704876840267,0.13750352374993502,0.09942628449087737,0.2369298082408124,0.05125715231573355,0.05125715231573355,False
FLG2,DCG,-0.9828096586858259,1.3074285251922473,-1.417894620723816,-0.11046609553156861,-0.3003534342209514,-1.46606375289896,True
LHX9,DCG,-0.7840891092468111,1.2016338611696507,-1.1312014695254191,0.07043239164423154,-0.11626594552864562,-1.1793706017005625,True
CD8A,DIG,0.7965571125013324,0.27798474729976547,1.1491889959905044,1.4271737432902698,1.2401702295437715,1.1010198638153597,True
B3GAT2,DIG,-1.587525481107607,0.45943161863729726,-2.2903151388788103,-1.830883520241513,-2.0151992047367866,-2.3384842710539555,True
WEE1,NEUTRAL,-0.04284504904039085,0.13750352374993502,-0.06181233977721632,0.0756911839727187,-0.10998147195236152,-0.10998147195236169,False
RPL21P23,NEUTRAL,0.006007988153337658,0.13750352374993502,0.00866769471453988,0.1461712184644749,-0.039501437460605034,-0.039501437460605526,False
TMEM192,NEUTRAL,-0.07088243987017642,0.13750352374993502,-0.10226174448681367,0.035241779263121345,-0.15043087666195923,-0.15043087666195923,False
MORN2,DIG,-1.2014007386710666,0.405992359675837,-1.7332548878010852,-1.3272625281252481,-1.5230766038801393,-1.781424019976232,True
MMS19,NEUTRAL,-0.007314427692229635,0.13750352374993502,-0.0105524885585206,0.12695103519141443,-0.058721620733664825,-0.05872162073366499,False
PARD6B,DCG,-1.0427009607596478,1.3854310371935206,-1.5042995052181014,-0.11886846802458084,-0.30514835350311126,-1.5524686373932468,True
HTT,NEUTRAL,-0.031387744796264355,0.13750352374993502,-0.045282943762258956,0.09222057998767606,-0.09345207593740348,-0.093452075937404,False
FAM43A,DSG,-0.05877755582639371,-0.7369655941662062,-0.08479808830631241,-0.8217636824725186,-1.0074363383976,-0.1329672204814582,False
GLIS1,NEUTRAL,-0.018420249924604448,0.13750352374993502,-0.026574803218162142,0.11092872053177288,-0.0747439353933068,-0.07474393539330697,False
CLDND2,DIG,-1.5561257189915163,0.5484366246960424,-2.245014857788833,-1.6965782330927908,-1.8973836746599055,-2.293183989963979,True
LLCFC1,DIG,-0.763032251562915,0.49825086752782544,-1.1008228453681574,-0.602571977840332,-0.7797188795669145,-1.1489919775432988,True
TMEM107,NEUTRAL,-0.014356634762457283,0.13750352374993502,-0.020712245775651224,0.11679127797428379,-0.0688813779507958,-0.06888137795079563,False
BOD1,DIG,1.6323189497912576,0.523561956057013,2.3549384540129283,2.8785004100699414,2.696745773854022,2.306769321837781,True
ZNF573,DSG,1.3544360809200164e-05,1.4059923596758368,1.9540382171443905e-05,1.4060119000580082,1.2278830227642874,-0.048149591792973026,False
ANKRD46,DCG,-0.9604912817662931,1.2927817492278462,-1.385696009021315,-0.0929142597934689,-0.2760137920898753,-1.433865141196461,True
RAB44,DIG,-1.6659923041222147,0.523561956057013,-2.403518835316297,-1.879956879259284,-2.066460872957088,-2.4516879674914414,True
CHRNE,NEUTRAL,0.07718120137571996,0.13750352374993502,0.11134893647460363,0.24885246022453866,0.06317980429945763,0.06317980429945763,False
EPS15,NEUTRAL,0.005583588089190774,0.13750352374993502,0.008055414846642213,0.14555893859657723,-0.040113717328501955,-0.04011371732850163,False
C6orf132,DIG,-0.9560675830406241,0.49825086752782544,-1.3793139608074056,-0.8810630932795802,-1.078327234804167,-1.4274830929825524,True
ZMAT5,NEUTRAL,0.008123298533386438,0.13750352374993502,0.011719442509777205,0.14922296625971224,-0.036449689665368434,-0.0364496896653686,False
C6orf120,NEUTRAL,0.026009294649853375,0.13750352374993502,0.03752348040836331,0.17502700415829833,-0.01064565176678199,-0.01064565176678215,False
PPP1R2P6,DIG,-1.2641177825576695,0.4195388915137848,-1.823736455995503,-1.4041975644817182,-1.5826058944736,-1.871905588170625,True
PHYH,DSG,-0.01093378582141766,1.1538053360790355,-0.015774118582701318,1.138031217496334,0.9622794813933558,-0.06394325075784733,False
TMBIM4,DIG,0.6552070404188959,0.5484366246960424,0.9452639479678757,1.493700572663918,1.3100676063498737,0.8970948157927293,True
LOXL1-AS1,NEUTRAL,-0.02392337343622383,0.13750352374993502,-0.03451413221777488,0.10298939153216013,-0.08268326439292023,-0.08268326439292023,False
CTTNBP2,DIG,-1.3108807850655853,0.5109619192773794,-1.8912012078107512,-1.3802392885333719,-1.5726303136265172,-1.9393703399858968,True
H2BC4,DIG,1.6905838185549842,0.49825086752782544,2.438996891236403,2.9372477587642285,2.74252372634988,2.3908277590612563,True
DENND2B,NEUTRAL,0.01513352611112571,0.13750352374993502,0.021833063071684703,0.15933658682161972,-0.026336069103461385,-0.026336069103461385,False
NOL4,NEUTRAL,0.05949991951236213,0.13750352374993502,0.08584023881377732,0.22334376256371236,0.037671106638631977,0.03767110663863229,False
DDAH1,NEUTRAL,-0.025293217014131036,0.13750352374993502,-0.036490398754415204,0.10101312499551982,-0.08465953092955936,-0.08465953092955902,False
RHBG,DCG,2.0794415416798357,-3.321928094887362,3.0,-0.3219280948873622,-0.5076007508124417,2.9518308678248553,True
TOX4P1,NEUTRAL,-0.04111097024428683,0.13750352374993502,-0.05931059289756635,0.07819293085236867,-0.10747972507271109,-0.10747972507271039,False
LINC02724,DIG,-0.9387843603319443,0.4195388915137848,-1.354379541115014,-0.9348406496012291,-1.106204503664305,-1.4025486732901562,True
H6PD,NEUTRAL,0.01548773784626291,0.13750352374993502,0.022344082585391816,0.15984760633532683,-0.02582504958975341,-0.025825049589753245,False
CCL14,NEUTRAL,-0.04172341267296101,0.13750352374993502,-0.06019416055224457,0.07730936319769044,-0.10836329272739059,-0.10836329272739041,False
ETHE1,DIG,0.9931038656991783,0.4195388915137848,1.4327460221318638,1.8522849136456485,1.6612677469190693,1.3845768899567172,True
PPOX,DCG,-0.8574557869929954,1.1375035237499351,-1.2370472116763378,-0.09954368792640267,-0.2851350999262765,-1.285216343851483,True
MGAM2,DIG,-0.8597768767776272,0.5109619192773794,-1.240395836398084,-0.7294339171207046,-0.9151875785284451,-1.2885649685732292,True
BABAM1,DIG,1.046666702754548,0.4854268271702419,1.5100208615275892,1.9954476886978312,1.802839264974569,1.4618517293524431,True
NPR2,DIG,-1.5060615824018533,0.37851162325372983,-2.1727875762045388,-1.794275952950809,-1.9810374973606495,-2.220956708379685,True
KLF3,NEUTRAL,-0.0410430124610582,0.13750352374993502,-0.059212550540712595,0.07829097320922243,-0.10738168271585721,-0.10738168271585738,False
NUP155,DSG,-0.037176635554635275,1.3504972470841334,-0.053634547751608634,1.2968626993325247,1.1112119266611522,-0.10180367992675421,False
CIITA,DCG,-0.7980339376602781,1.1618876823768942,-1.1513196043235754,0.01056807805331883,-0.17871096625960992,-1.1994887364987217,True
LINC01132,DCG,-1.0833949893977304,1.3291235962915664,-1.5630085785280567,-0.23388498223649035,-0.41860665239279954,-1.611177710703202,True
AGBL5-AS1,DIG,-0.8360470955044141,0.405992359675837,-1.20616099863384,-0.8001686389580029,-0.9893953259854652,-1.2543301308089758,True
FBXW7-AS1,NEUTRAL,0.011936962868488592,0.13750352374993502,0.01722139713364419,0.1547249208835792,-0.03094773504149955,-0.03094773504149955,False
DNAJB12P1,DIG,0.9425866666814788,0.5484366246960424,1.3598651096294279,1.9083017343254702,1.7289129133717045,1.3116959774542791,True
INAFM1,DIG,0.9144344056178938,0.608809242675524,1.3192499822031822,1.9280592248787063,1.7361495920429368,1.2710808500280353,True
COX14,DIG,1.0470117601835658,0.45943161863729726,1.510518674169255,1.9699502928065522,1.770181197632468,1.4623495419941086,True
TPRKB,DIG,-0.60496922815751,0.37851162325372983,-0.8727861053532635,-0.4942744820995337,-0.6790082220889057,-0.9209552375284082,True
NIPBL,DSG,0.018957326529311883,-3.321928094887362,0.027349640972351038,-3.2945784539150114,-3.480251109840091,-0.02081949120279326,False
HMGN2P3,DSG,-0.12703991534254372,1.2854022188622483,-0.18327985585964157,1.1021223630026067,0.9163151475765873,-0.231448988034786,False
LINC01003,DIG,-1.5724459629780627,0.3923174227787603,-2.2685599928543216,-1.8762425700755614,-2.0450142711715356,-2.3167291250294686,True
ENO2,DSG,-0.06112378379405502,1.4594316186372973,-0.08818297976005236,1.371248638877245,1.1836755601376485,-0.1363521119351987,False
NOP14,NEUTRAL,-0.054228422527923384,0.13750352374993502,-0.07823507625626641,0.05926844749366861,-0.12640420843141195,-0.12640420843141212,False
PRTG,NEUTRAL,-0.0002839044088658653,0.13750352374993502,-0.00040958748275729653,0.13709393626717772,-0.048578719657901864,-0.04857871965790203,False
PLCL2,NEUTRAL,-0.01971934618483786,0.13750352374993502,-0.02844900295043828,0.10905452079949673,-0.0766181351255824,-0.0766181351255824,False
PPM1B,DIG,0.6897254303777005,0.49825086752782544,0.9950634579809146,1.49331432550874,1.3031668365356401,0.9468943258057688,True
SLC25A37,NEUTRAL,-0.0006381230052320793,0.13750352374993502,-0.0009206168951254829,0.13658290685480953,-0.049089749070269105,-0.049089749070268605,False
MSMB,DIG,1.572290651691706,0.5484366246960424,2.2683359260317006,2.816772550727743,2.619376422817496,2.220166793856554,True
SLAMF8,DCG,-1.1095857572792824,1.4329594072761063,-1.6007938694678459,-0.1678344621917396,-0.35341216477300375,-1.6489630016429908,True
SLC1A2,DIG,0.6215230004633653,0.45943161863729726,0.8966681505669261,1.3560997692042234,1.1715831200854865,0.8484990183917807,True
ANKDD1A,NEUTRAL,0.02291407254776123,0.13750352374993502,0.03305801883122506,0.17056154258116007,-0.015111113343919166,-0.015111113343919166,False
NOP58,NEUTRAL,-0.0437439768438978,0.13750352374993502,-0.06310921846145301,0.07439430528848201,-0.1112783506365973,-0.1112783506365973,False
TEX15,NEUTRAL,0.025082125077264796,0.13750352374993502,0.03618585746392663,0.17368938121386165,-0.011983274711219127,-0.011983274711219127,False
TINF2,NEUTRAL,0.008877661026019508,0.13750352374993502,0.012807757536931572,0.1503112812868666,-0.035361374638213025,-0.03536137463821319,False
GDI2P1,DIG,1.1502940964158255,0.5109619192773794,1.6595235884629627,2.170485507740342,1.9921808721570562,1.6113544562878164,True
MIR5001,NEUTRAL,0.05077455581190525,0.13750352374993502,0.0732521998731756,0.21075572362311062,0.025083067698031026,0.02508306769803071,False
HEMK1,NEUTRAL,0.04647993906334929,0.13750352374993502,0.06705637758751523,0.20455990133745025,0.01888724541237055,0.01888724541237055,False
ZNF702P,DIG,-0.6855196101842628,0.49825086752782544,-0.9889957420449712,-0.49074487451714577,-0.6813810364852032,-1.0371648742201176,True
LRIG1,NEUTRAL,-0.034223802269822946,0.13750352374993502,-0.04937450981503802,0.088129013934897,-0.09754364199018298,-0.09754364199018264,False
MRPS25,DIG,0.9994358754477212,0.5109619192773794,1.441881181194947,1.9528431004723266,1.7621564907200156,1.3937120490198014,True
THBS4-AS1,NEUTRAL,-0.052390319962855064,0.13750352374993502,-0.07558325480099706,0.061920268948937957,-0.12375238697614203,-0.12375238697614238,False
CNOT6LP1,NEUTRAL,-0.02740321923919534,0.13750352374993502,-0.03953448850078015,0.09796903524915487,-0.08770362067592471,-0.08770362067592471,False
ZFPM2-AS1,DCG,0.7268911011590616,-0.7369655941662062,1.0486821869084961,0.3117165927422899,0.12604393681720896,1.0005130547333503,True
GZMM,NEUTRAL,-0.029814744709165838,0.13750352374993502,-0.043013584337284014,0.094489939412651,-0.09118271651242854,-0.09118271651242804,False
CCDC89,NEUTRAL,-0.034041650438973,0.13750352374993502,-0.049111720271981955,0.08839180347795306,-0.09728085244712556,-0.09728085244712556,False
DDX11-AS1,DIG,-0.798339724530461,0.5109619192773794,-1.1517607615247571,-0.6407988422473777,-0.8343345649277641,-1.1999298936999037,True
GSTA3,DIG,1.280572115563756,0.5849625007211562,1.8474750406245193,2.4324375413456756,2.2424128494884923,1.7993059084493728,True
SNX3,DIG,0.6253551756716865,0.4854268271702419,0.9021968107357887,1.3876236379060307,1.205027221051948,0.8540276785606419,True
BORCS5,DIG,-0.9002045307437709,0.608809242675524,-1.2987206122898147,-0.6899113696142907,-0.8666234207409691,-1.3468897444649612,True
SERPINA3,NEUTRAL,-0.005952038111402561,0.13750352374993502,-0.008586975866502587,0.12891654788343243,-0.05675610804164784,-0.05675610804164767,False
AKR1B1P1,DCG,-0.9293036424702384,1.1043366598147357,-1.3407017564718633,-0.23636509665712757,-0.4282094411086742,-1.388870888647,True
TOX4,NEUTRAL,-0.03672220125978795,0.13750352374993502,-0.05297893764802252,0.08452458610191249,-0.10114806982316825,-0.10114806982316825,False
CCNB2,NEUTRAL,-0.018916098683070478,0.13750352374993502,-0.02729016176303203,0.11021336198690299,-0.0754592939381756,-0.07545929393817577,False
ATP5MF,DSG,-0.038629430489259035,-3.321928094887362,-0.055730487799218936,-3.377658582686581,-3.563331238611661,-0.10389961997436352,False
SHISA2,NEUTRAL,-0.016670802604171513,0.13750352374993502,-0.024050884244677058,0.11345263950525797,-0.07222001641982158,-0.07222001641982125,False
SRPK2,DIG,-1.662525787898712,0.4724877714627438,-2.3985177095514887,-1.926029938088745,-2.1048632117021975,-2.4466868417266343,True
CALN1,DIG,1.2688929891201823,0.5109619192773794,1.8306256228224604,2.3415875420998398,2.157232698408897,1.782456490647314,True
PMS2P3,DIG,1.6589494908865647,0.49825086752782544,2.3933582035873178,2.891609071115143,2.7176902363706215,2.345189071412172,True
CALM1,NEUTRAL,-0.008860065114405518,0.13750352374993502,-0.012782372002506148,0.12472115174742887,-0.060951504177649884,-0.06095150417765022,False
NRAS,NEUTRAL,-0.03381247861949872,0.13750352374993502,-0.04878109522451492,0.0887224285254201,-0.0969502273996602,-0.0969502273996602,False
EEF1B2P7,NEUTRAL,0.021241532951391664,0.13750352374993502,0.030645054249852262,0.16814857799978727,-0.0175240779252931,-0.017524077925292942,False
LINC00844,DIG,0.9121899610888162,0.45943161863729726,1.3160119332115316,1.775443551848829,1.5953562863431352,1.2678428010363871,True
ELMO2,DCG,-1.0180064830464075,1.3645724322958561,-1.4686729046838667,-0.10410047238801057,-0.29176735968016126,-1.516842036859013,True
CYP51A1-AS1,DIG,1.5937042128325292,0.5728896684205812,2.299229164497339,2.87211883291792,2.692821963244346,2.251060032322193,True
PHF19,NEUTRAL,-0.05859762675706787,0.13750352374993502,-0.08453850553028425,0.05296501821965077,-0.13270763770542937,-0.13270763770542954,False
ACER2P1,NEUTRAL,-0.013805772657231716,0.13750352374993502,-0.019917519748228644,0.11758600400170638,-0.06808665192337406,-0.06808665192337422,False
DST-AS1,DIG,-1.1841231131515069,0.4329594072761063,-1.7083285431456798,-1.2753691358695736,-1.4701435967720886,-1.7564976753208064,True
POU4F3,NEUTRAL,-0.023406412240789643,0.13750352374993502,-0.03376831486478995,0.10373520888514506,-0.08193744703993451,-0.08193744703993451,False
CDH5,NEUTRAL,0.08386906409870686,0.13750352374993502,0.12099748285920298,0.258501006609138,0.07282835068405732,0.07282835068405794,False
TMPRSS13,NEUTRAL,-0.029810031281030932,0.13750352374993502,-0.0430067842978882,0.09449673945204681,-0.09117591647303223,-0.09117591647303257,False
PCDHA2,NEUTRAL,0.020180040322560086,0.13750352374993502,0.029113644098296754,0.16661716784823177,-0.019055488076848676,-0.019055488076849002,False
CMIP,NEUTRAL,0.06140651224445251,0.13750352374993502,0.08859087069335905,0.22609439444329407,0.04042173851821458,0.04042173851821458,False
PKP1,DCG,-0.7385518476213143,1.0959244199985356,-1.0655050880026515,0.03041933199588409,-0.15285544915555208,-1.1136742201777978,True
CHCHD10,NEUTRAL,-0.0029378514378522826,0.13750352374993502,-0.004238423700257999,0.133265100049677,-0.052407555875403605,-0.05240755587540344,False
KPNA2P1,NEUTRAL,-0.006238391252276309,0.13750352374993502,-0.00900009612278412,0.1285034276271509,-0.05716922829792956,-0.05716922829792956,False
TAF12,NEUTRAL,0.024000803448334582,0.13750352374993502,0.03462584011226304,0.17212936386219807,-0.013543292062881537,-0.013543292062882184,False
EVI5,NEUTRAL,-0.009254621878136825,0.13750352374993502,-0.013351597088890502,0.12415192666104452,-0.06152072926403556,-0.06152072926403556,False
UTP11,NEUTRAL,0.037598350832561064,0.13750352374993502,0.05424295429173928,0.1917464780416743,0.0060738221165933136,0.0060738221165933136,False
PPP1R12A,DIG,-1.0443024863747796,0.405992359675837,-1.506610018280909,-1.100617658605072,-1.2822904619515807,-1.5547791504560557,True
RNF44,DIG,-1.159570548620301,0.523561956057013,-1.6729066800554029,-1.1493447239983898,-1.3323237782654944,-1.72107581223055,True
GOLT1A,DCG,-0.8873031836002899,1.2927817492278462,-1.2801079027451276,0.01267384648271852,-0.1770566803091756,-1.3282770349202724,True
TXN2P1,NEUTRAL,0.026770893640865906,0.13750352374993502,0.03862223549584313,0.17612575924577814,-0.009546896679301142,-0.009546896679301142,False
RNASE6,NEUTRAL,-0.03223343291766212,0.13750352374993502,-0.046503013821138216,0.0910005099287968,-0.09467214599628308,-0.0946721459962836,False
H1-7,DIG,1.6056009759177576,0.4854268271702419,2.316392565603029,2.801819392773271,2.6088027533268554,2.2682234334278832,True
XPC-AS1,DIG,-1.4616447918694704,0.4462562298895641,-2.108707692771266,-1.662451462881702,-1.8470520285447902,-2.156876824946413,True
BMS1,DIG,1.669228683766577,0.560714954474479,2.4081879441796525,2.9689028986541315,2.7896602192527347,2.360018812004505,True
C17orf99,DSG,0.04136385692454137,1.2779847472997656,0.05967543125707645,1.337660178556842,1.1451793095029503,0.011506299081932419,False
LINC02009,NEUTRAL,0.04822260383371108,0.13750352374993502,0.0695705114096481,0.20707403515958311,0.021401379234503252,0.021401379234503252,False
TOMM40P3,DSG,-0.019678060411706576,1.4195388915137848,-0.028389440170282512,1.3911494513435023,1.200433482990578,-0.07655857234542625,False
GPR39,NEUTRAL,0.01663039545587013,0.13750352374993502,0.023992589052206185,0.1614961128021412,-0.02417654312293904,-0.024176543122939365,False
ZDHHC13,DIG,-1.6510215798945993,0.5109619192773794,-2.3819206457146,-1.8709587264372205,-2.054334781362297,-2.4300897778897474,True
ZNF714,DIG,0.8295354342075584,0.4724877714627438,1.1967666571729174,1.6692544286356612,1.4901949051335674,1.1485975249977718,True
TRAK1,NEUTRAL,0.06059508369448862,0.13750352374993502,0.08742022674829042,0.22492375049822544,0.03925109457314625,0.03925109457314594,False
RUNX2,DIG,-1.38351958789425,0.560714954474479,-1.9959968484277766,-1.4352818939532974,-1.6322823778060727,-2.0441659806029238,True
MANEAL,NEUTRAL,0.016892735825939233,0.13750352374993502,0.02437106620312986,0.1618745899530649,-0.02379806597201509,-0.02379806597201509,False
RPL27A,NEUTRAL,-0.06840030768576773,0.13750352374993502,-0.09868078469353636,0.03882273905639866,-0.14684991686868018,-0.14684991686868018,False
RPLP0P2,DIG,-1.348359717613741,0.4462562298895641,-1.9452718779357874,-1.4990156480462233,-1.6780693788560086,-1.9934410101109334,True
SCNN1A,DIG,0.9541820166896147,0.6667565918848036,1.3765936635835372,2.043350255468341,1.8659644513228726,1.3284245314083907,True
SNORA81,DSG,-0.011941290108323985,1.3146965256562866,-0.017227640021095447,1.2974688856351912,1.106898231992842,-0.06539677219623999,False
ZNF671,DIG,1.2935607767824617,0.5484366246960424,1.8662137177525329,2.4146503424485752,2.22043102243777,1.8180445855773868,True
CCNF,DSG,0.050985513069499465,1.4594316186372973,0.07355654686254631,1.5329881654998436,1.350565148343641,0.02538741468739974,False
PCGF1,DIG,0.5709487310363727,0.3923174227787603,0.8237049028680214,1.2160223256467817,1.0334232625696442,0.775535770692875,True
TAS2R4,DIG,0.6236993809690174,0.4854268271702419,0.8998080039295179,1.3852348310997598,1.2102041173060962,0.851638871754373,True
ATRN,DSG,0.07816508512866124,-0.7369655941662062,0.11276838068578324,-0.624197213480423,-0.8098698694055031,0.06459924851063856,False
IL10RB,DIG,0.794555819265138,0.49825086752782544,1.146301740163282,1.6445526076911074,1.4627823245208236,1.0981326079881362,True
G3BP1,NEUTRAL,0.017714161631961624,0.13750352374993502,0.025556133139936585,0.16305965688987162,-0.022612999035209476,-0.02261299903520899,False
CACNB4,NEUTRAL,-0.01159730535011306,0.13750352374993502,-0.016731374916283157,0.12077214883365187,-0.06490050709142868,-0.06490050709142868,False
POC1A,NEUTRAL,-0.011377280805565354,0.13750352374993502,-0.016413946596990327,0.12108957715294469,-0.06458307877213457,-0.0645830787721349,False
UBE2I,DSG,0.10146993470066301,1.1699250014423124,0.14639017159197348,1.316315173034286,1.1348701113767319,0.09822103941682851,False
RFNG,DSG,-0.10620358954114685,1.3575520046180838,-0.15321939195561954,1.2043326126624643,1.0140470089692708,-0.20138852413076588,False
ADAMTS12,DSG,0.019790021894898247,1.371558862611963,0.02855096644685371,1.4001098290588168,1.213399206325292,-0.01961816572829119,False
UNC119B,NEUTRAL,0.015215641865166234,0.13750352374993502,0.021951531062817824,0.15945505481275285,-0.02621760111232628,-0.026217601112326117,False
LSM5,DSG,-0.07371862464253313,1.1127001327493624,-0.10635349419293749,1.0063466385564248,0.8273130446367883,-0.1545226263680826,False
ERICH6,DSG,-0.06866520084452138,1.232660756790275,-0.09906294474003566,1.1335978120502392,0.9456361828074645,-0.14723207691518034,False
ZNF529-AS1,DSG,-0.12459474131122228,1.1375035237499351,-0.17975221541054365,0.9577513083393915,0.7722260207492262,-0.22792134758568922,False
RIMKLA,NEUTRAL,0.026813967952939624,0.13750352374993502,0.038684378592261585,0.1761879023421966,-0.009484753582883311,-0.009484753582883311,False
TEF,NEUTRAL,-0.010154773887186802,0.13750352374993502,-0.014650241928393141,0.12285328182154187,-0.06281937410353848,-0.06281937410353881,False
HMGN3,NEUTRAL,-0.04457330108457099,0.13750352374993502,-0.06430568043076122,0.0731978433191738,-0.11247481260590507,-0.11247481260590524,False
HDDC3,NEUTRAL,0.04002311977787368,0.13750352374993502,0.05774115642444334,0.19524468017437835,0.009572024249299439,0.009572024249299756,False
SARAF,NEUTRAL,0.01777985560288999,0.13750352374993502,0.02565090950601124,0.16315443325594625,-0.02251822266913234,-0.022518222669132667,False
FAM83B,DIG,1.5350851255304472,0.6438561897747247,2.214659697945188,2.858515887719913,2.6670960705210467,2.166490565770041,True
COX6A1P2,DIG,-1.709809939012455,0.5849625007211562,-2.46673431987593,-1.8817718191547739,-2.0628540273874725,-2.5149034520510773,True
HMGN1P18,DIG,-1.1141631534043366,0.3923174227787603,-1.6073976561576457,-1.2150802333788855,-1.3888781649000823,-1.6555667883327878,True
H2AZ1-DT,NEUTRAL,0.01875876133191896,0.13750352374993502,0.02706317194677913,0.16456669569671414,-0.021105960228366274,-0.021105960228366437,False
ADCY8,DCG,-1.0399276932247286,1.3923174227787602,-1.5002985258984152,-0.10798110311965492,-0.2886464446551714,-1.5484676580735588,True
LIAS,NEUTRAL,0.004924141624305903,0.13750352374993502,0.007104034702021051,0.14460755845195608,-0.0410650974731239,-0.0410650974731239,False
PMS1,NEUTRAL,0.018185775230677614,0.13750352374993502,0.02623652774001994,0.16374005148995496,-0.021932604435125957,-0.02193260443512612,False
IGSF21,NEUTRAL,-0.027287985555453066,0.13750352374993502,-0.039368241436701805,0.09813528231323321,-0.08753737361184759,-0.08753737361184724,False
C3orf49,NEUTRAL,-0.038916894369827,0.13750352374993502,-0.05614521051414904,0.08135831323578599,-0.10431434268929311,-0.10431434268929295,False
FANCE,DIG,0.7834003875628927,0.5484366246960424,1.1302078541674772,1.6786444788635195,1.4929272627644787,1.0820387219923306,True
IKZF5,NEUTRAL,0.013460913027831199,0.13750352374993502,0.019419992471089713,0.15692351622102474,-0.028749139704054662,-0.028749139704054825,False
PRDM10,NEUTRAL,-0.03527036252795261,0.13750352374993502,-0.05088437710943316,0.08661914664050185,-0.09905350928457891,-0.09905350928457891,False
SEPTIN7P3,DIG,0.9243657594024088,0.632268215499513,1.333577897057416,1.9658461125569289,1.7820511862757356,1.2854087648822698,True
LINC02610,NEUTRAL,0.0028370389135105945,0.13750352374993502,0.0040929819713307475,0.14159650572126575,-0.044076150203814536,-0.044076150203814536,False
IFNG-AS1,DIG,-0.9872661536103593,0.5849625007211562,-1.424323983851187,-0.8393614831300308,-1.0158360048830901,-1.472493116026328,True
FAM98A,DIG,1.7002060990912136,0.37851162325372983,2.4528789076480635,2.8313905309017935,2.650382874219137,2.404709775472917,True
LARP4,DIG,0.8839898311049902,0.4854268271702419,1.2753277455314418,1.7607545727016838,1.5661935098280895,1.2271586133562964,True
RAB8A,DIG,1.4256920958049992,0.560714954474479,2.0568389164524654,2.6175538709269444,2.4304224330919353,2.0086697842773193,True
BNIP3P5,NEUTRAL,-0.07688519190697193,0.13750352374993502,-0.11092188508198467,0.026581638667950352,-0.15909101725712946,-0.15909101725712946,False
MINDY4B,DSG,0.059335523479134615,1.412781525338476,0.08560306547189817,1.4983845908103741,1.3139561331796592,0.03743393329675355,False
LINC00943,NEUTRAL,-0.024087744801891582,0.13750352374993502,-0.03475126997188789,0.10275225377804713,-0.08292040214703285,-0.08292040214703268,False
DYNLT1,NEUTRAL,-0.005345597342282663,0.13750352374993502,-0.007712066776300421,0.1297914569736346,-0.05588119895144492,-0.05588119895144492,False
RASSF6,DIG,-1.5981612497935405,0.3645724322958561,-2.305659309618049,-1.9410868773221928,-2.119002002082029,-2.3538284417931927,True
LINC02408,DIG,-1.420547603354235,0.5728896684205812,-2.049416982705857,-1.476527314285276,-1.6580034652622455,-2.097586114880995,True
WDR31,NEUTRAL,-0.032941278467901146,0.13750352374993502,-0.04752421908618337,0.08997930466375165,-0.09569335126132701,-0.09569335126132718,False
FGF14-AS2,NEUTRAL,-0.03027703695391696,0.13750352374993502,-0.043680531066227886,0.09382299268370714,-0.09184966324137292,-0.09184966324137275,False
MIR877,DIG,-1.4775739676514608,0.608809242675524,-2.131688635677392,-1.522879393001868,-1.7004099511591937,-2.179857767852522,True
OCA2,NEUTRAL,-0.008391925142170392,0.13750352374993502,-0.012106988786120633,0.1253965349638144,-0.060276120961265445,-0.060276120961265445,False
SLC25A22,NEUTRAL,0.07274918222741245,0.13750352374993502,0.10495488442821546,0.24245840817815048,0.05678575225306959,0.05678575225306989,False
BDP1P,NEUTRAL,0.04041543712555782,0.13750352374993502,0.05830715071640197,0.195810674466337,0.010138018541256264,0.010138018541256583,False
HNRNPABP1,DIG,0.6083766242023467,0.4195388915137848,0.8777019387294941,1.297240830243279,1.1151162314519496,0.8295328065543481,True
EAF1-AS1,DIG,1.5775429479818428,0.4462562298895641,2.2759133878427606,2.722169617732325,2.536281938530804,2.2277442556676155,True
RNF111,NEUTRAL,0.006849304889809864,0.13750352374993502,0.00988145819806522,0.14738498194800023,-0.03828767397707927,-0.03828767397707927,False
EEF1A1P16,DIG,-0.7062404735839066,0.5969351423872323,-1.018889628914575,-0.4219544865273427,-0.6129877347033995,-1.0670587610897224,True
SIRPB3P,DSG,0.057555980212967185,1.1127001327493624,0.08303572722675107,1.1957358599761134,1.010892217018218,0.03486659505160717,False
TMA7,NEUTRAL,0.07043013479362728,0.13750352374993502,0.10160920619590733,0.23911272994584234,0.053440074020761355,0.05344007402076166,False
CLEC2L,DIG,-1.3322410061006775,0.49825086752782544,-1.9220174927703708,-1.4237666252425454,-1.6023520918197476,-1.970186624945512,True
GINS3,NEUTRAL,0.015300241797304031,0.13750352374993502,0.022073582965372568,0.1595771067153076,-0.026095549209772497,-0.02609554920977266,False
RPS12P21,NEUTRAL,-0.03154387500675553,0.13750352374993502,-0.045508192042667525,0.0919953317072675,-0.09367732421781169,-0.09367732421781186,False
ZNF581,DIG,1.340793880201127,0.5728896684205812,1.934356681820437,2.5072463502410183,2.316971167343277,1.8861875496452916,True
DPEP3,NEUTRAL,0.003980160537814132,0.13750352374993502,0.0057421578698463975,0.1432456816197814,-0.04242697430529801,-0.042426974305297516,False
PHAX,NEUTRAL,-0.0047486409577584,0.13750352374993502,-0.006850840760720261,0.13065268298921476,-0.05501997293586586,-0.05501997293586619,False
IFI27,NEUTRAL,-0.0027906153720543654,0.13750352374993502,-0.0040260069582913425,0.13347751679164369,-0.05219513913343648,-0.052195139133436645,False
GNAL,NEUTRAL,-0.030356697290809122,0.13750352374993502,-0.04379545663921775,0.09370806711071727,-0.09196458881436277,-0.09196458881436259,False
STK11IP,NEUTRAL,0.008691471249008782,0.13750352374993502,0.012539142468973974,0.150042666218909,-0.035629989706171046,-0.035629989706171206,False
CDH11,NEUTRAL,0.04466858999833029,0.13750352374993502,0.06444315327409346,0.20194667702402846,0.016274021098949324,0.01627402109894964,False
IL12B,DIG,-0.6442262653366101,0.4329594072761063,-0.9294220382115449,-0.4964626309354386,-0.6822178321389378,-0.9775911703866882,True
ZC3H7B,NEUTRAL,0.03018645091483939,0.13750352374993502,0.0435498430368769,0.18105336678681191,-0.004619289138266579,-0.004619289138267061,False
CTAGE1,NEUTRAL,0.05560784044316022,0.13750352374993502,0.08022515564189199,0.217728679391827,0.0320560234667479,0.03205602346674758,False
CFAP69,DIG,1.1362013231895847,0.523561956057013,1.6391920144170924,2.1627539704741054,1.977195843733691,1.5910228822419468,True
MYD88,NEUTRAL,-0.014092721129042812,0.13750352374993502,-0.02033149888550118,0.11717202486443384,-0.0685006310606457,-0.06850063106064554,False
SNX29,DCG,-1.0610609260651136,1.3146965256562866,-1.5307873361151905,-0.21609081045890388,-0.40930771870511934,-1.5789564682903363,True
CEACAM21,DIG,0.7059843814514676,0.49825086752782544,1.0185201660650947,1.51677103359292,1.3364723832965382,0.9703510338899477,True
GACAT2,NEUTRAL,-0.00431580349609193,0.13750352374993502,-0.006226388301263078,0.13127713544867195,-0.05439552047640774,-0.054395520476408075,False
NIPSNAP1,NEUTRAL,-0.04413192422418999,0.13750352374993502,-0.06366890822312642,0.0738346155268086,-0.11183804039827222,-0.11183804039827204,False
OTUB1,DIG,-1.5341626266852932,0.45943161863729726,-2.2133288134360587,-1.7538971947987614,-1.9262066832472153,-2.2614979456112057,True
ADRA2A,NEUTRAL,0.01615389187130956,0.13750352374993502,0.02330513969379484,0.16080866344372985,-0.02486399248134874,-0.024863992481348577,False
HRH2,DIG,1.4291872131867644,0.4462562298895641,2.061881304966463,2.508137534856027,2.324474904352091,2.013712172791317,True
TMEM177,NEUTRAL,0.024215468613712186,0.13750352374993502,0.03493553648180491,0.17243906023173994,-0.01323359569333894,-0.01323359569333878,False
CHAC1,NEUTRAL,-0.024337679714643193,0.13750352374993502,-0.03511184983105966,0.10239167391887535,-0.08328098200620417,-0.083280982006204,False
KRTAP5-9,DSG,0.025401686368488396,1.4262647547020981,0.03664688695403499,1.4629116416561332,1.2777763228071197,-0.011522245221109572,False
LINC02202,NEUTRAL,0.056560864673081364,0.13750352374993502,0.08160007897224625,0.21910360272218127,0.0334309467971006,0.0334309467971006,False
RPL13AP7,DIG,1.207306215020292,0.632268215499513,1.7417746892441999,2.374042904743713,2.1831538585111567,1.6936055570690538,True
WNT16,DIG,-1.3287082496427534,0.523561956057013,-1.916920802547855,-1.393358846490842,-1.5792104201704469,-1.9650899347229935,True
NDFIP1,NEUTRAL,0.030595573152217233,0.13750352374993502,0.04414008165985931,0.18164360540979432,-0.004029050515285559,-0.004029050515285559,False
ARHGAP17,DSG,-0.02668171884370663,1.4329594072761063,-0.03849358345820916,1.394465823817897,1.208925763599176,-0.08666271563335391,False
SPON1-AS1,NEUTRAL,0.029794992497528226,0.13750352374993502,0.04298508791950784,0.18048861166944286,-0.005184044255636599,-0.00518404425563676,False
MTAP,NEUTRAL,0.030423930461336884,0.13750352374993502,0.043892453600921394,0.1813959773508564,-0.004276678574222954,-0.004276678574223115,False
RBBP8NL,DCG,0.9287563130203269,-0.7369655941662062,1.3399121269887435,0.6029465328225373,0.41727387689745804,1.2917429948135994,True
MEF2C-AS2,NEUTRAL,-0.01317226116599095,0.13750352374993502,-0.01900355586146942,0.1184999678884656,-0.06717268803661434,-0.06717268803661434,False
ZNF362,NEUTRAL,-0.017412293874716274,0.13750352374993502,-0.02512063002355444,0.11238289372638058,-0.07328976219870037,-0.07328976219870002,False
ST8SIA6,DSG,0.04534383709262914,1.20945336562895,0.06541732890841309,1.274870694537363,1.0939266156448233,0.017248196733266972,False
PKIG,DCG,-0.8891703556555296,1.3362833878644325,-1.2828016626097085,0.053481725254723944,-0.13899947350678993,-1.3309707947848544,True
H3C12,DIG,-1.5322219939921862,0.632268215499513,-2.210529072273526,-1.578260856774013,-1.7559144909997417,-2.2586982044486703,True
GNPTG,DSG,0.16810238907844596,1.1937717433966801,0.24252048308506105,1.4362922264817413,1.2522470344038281,0.19435135090991423,False
AKR1B10,DIG,-1.3833253757800206,0.4854268271702419,-1.9957166595736975,-1.5102898324034557,-1.6916228846096408,-2.043885791748842,True
DYRK4,DSG,0.036396379154578336,1.3362833878644325,0.05250887571262461,1.388792263577057,1.1984012724083408,0.004339743537478323,False
SOWAHC,NEUTRAL,-0.021259532367947327,0.13750352374993502,-0.030671021918856012,0.10683250183107901,-0.07884015409400143,-0.07884015409400194,False
ARFGEF1,DCG,-0.7791407118437117,1.1043366598147357,-1.1240624411316198,-0.019725781316884072,-0.21391361702013856,-1.1722315733067639,True
LDHAP4,DIG,1.4690438840254285,0.4724877714627438,2.1193823263317473,2.591870097794491,2.4049212205790114,2.0712131941566003,True
SUMO1P4,DIG,1.0669126084390894,0.5484366246960424,1.5392295292569829,2.087666153953025,1.8999787410406883,1.4910603970818364,True
IFI35,NEUTRAL,0.005551161736963049,0.13750352374993502,0.008008633509089156,0.14551215725902417,-0.04016049866605421,-0.04016049866605437,False
LINC01389,NEUTRAL,-0.0893634539387798,0.13750352374993502,-0.12892421183418692,0.008579311915748095,-0.17709334400933127,-0.17709334400933127,False
RPS13,NEUTRAL,-0.06288187413594216,0.13750352374993502,-0.09071936797772773,0.04678415577220729,-0.13888850015287202,-0.1388885001528713,False
RC3H1,DCG,-0.9621753764669791,1.2705289423807182,-1.3881256440943823,-0.1175967017136641,-0.2975244879758979,-1.436294776269527,True
SLC25A19,DSG,-0.041979945450374985,1.1375035237499351,-0.060564259118045194,1.07693926463189,0.895983885141361,-0.10873339129319137,False
KDM4B,NEUTRAL,-0.02576653425095316,0.13750352374993502,-0.03717325118474575,0.10033027256518927,-0.08534238335989124,-0.08534238335989124,False
GIMAP6,DIG,-0.6040329176846595,0.3645724322958561,-0.8714352948773497,-0.5068628625814936,-0.68698718252314,-0.9196044270524945,True
LINC01894,NEUTRAL,-0.01428523244129652,0.13750352374993502,-0.02060923400100463,0.11689428974893039,-0.06877836617614932,-0.06877836617614932,False
RNU6-403P,DCG,-0.8084375250776159,1.1292830169449666,-1.1663288082980234,-0.037045791353056856,-0.22343975318729595,-1.2144979404731573,True
RPL7P52,NEUTRAL,0.0037443527138024857,0.13750352374993502,0.0054019590915419784,0.142905482841477,-0.042767173083602936,-0.042767173083602776,False
MEX3B,NEUTRAL,0.07040993952812831,0.13750352374993502,0.10158007058652252,0.23908359433645754,0.053410938411377264,0.053410938411377264,False
RASSF3,DIG,1.0319804692784433,0.5484366246960424,1.4888331053222756,2.037269730018318,1.8574276421907034,1.4406639731471282,True
GSDMD,DCG,-1.1121078830399258,1.3291235962915664,-1.6044325277952243,-0.27530893150365787,-0.4619048424436586,-1.6526016599703695,True
AIDAP1,DIG,-0.8471518957239302,0.4854268271702419,-1.2221818388405985,-0.7367550116703566,-0.9258789638245873,-1.270350971015745,True
FAIM2,DIG,-0.9882423374767427,0.4724877714627438,-1.4257323194742142,-0.9532445480114704,-1.1444769382470958,-1.4739014516493605,True
GFOD1-AS1,DIG,-1.3666950759636165,0.632268215499513,-1.9717242085000748,-1.3394559930005618,-1.5253028361175596,-2.0198933406752198,True
CHST4,NEUTRAL,0.02899970157280832,0.13750352374993502,0.04183772564635044,0.17934124939628546,-0.006331406528795453,-0.006331406528795453,False
ZNF436,NEUTRAL,-0.0016490296900173855,0.13750352374993502,-0.0023790469560667467,0.13512447679386827,-0.05054817913121245,-0.050548179131212616,False
IMMTP1,DIG,-1.3323720121871374,0.5484366246960424,-1.9222064946016326,-1.3737698699055902,-1.5586210060388255,-1.9703756267767776,True
NPDC1,NEUTRAL,0.01831892643935164,0.13750352374993502,0.02642862432846233,0.16393214807839734,-0.021740507846684118,-0.02174050784668379,False
CREBRF,DIG,-1.466174580754133,0.4462562298895641,-2.115242796731443,-1.6689865668418788,-1.8499729493960744,-2.163411928906589,True
LSG1,DSG,0.0014363133840905504,1.2249663650002742,0.002072162196389882,1.2270385271966642,1.0436617416297933,-0.046096969978756244,False
NFAT5,NEUTRAL,-0.0005358499399347178,0.13750352374993502,-0.0007730680510044662,0.13673045569893055,-0.048942200226149105,-0.048942200226149105,False
USP28,NEUTRAL,-0.004941941470133302,0.13750352374993502,-0.007129714451324829,0.1303738092986102,-0.05529884662646852,-0.055298846626468355,False
TMEM81,DCG,-0.8323233158942914,1.0874628412503395,-1.2007887202569525,-0.11332587900661295,-0.29401211697860524,-1.248957852432097,True
LINC01704,DCG,-0.9495115416323006,1.3074285251922473,-1.3698555923797546,-0.062427067187507346,-0.24943821006050357,-1.4180247245548951,True
PDZPH1P,NEUTRAL,-0.026294396449665542,0.13750352374993502,-0.037934795361100844,0.09956872838883418,-0.08610392753624485,-0.08610392753624485,False
CASC9,DCG,-0.6046576826588232,1.2479275134435854,-0.872336640207297,0.3755908732362885,0.18809827140128532,-0.9205057723824408,True
RBPJL,DCG,-0.7789344446647639,1.1779177921958432,-1.1237648604954535,0.054152931700389706,-0.13478042030409584,-1.1719339926705967,True
WNT3,NEUTRAL,-0.04589031259924,0.13750352374993502,-0.06620572641176786,0.07129779733816716,-0.1143748585869136,-0.11437485858691394,False
IER3-AS1,DIG,1.2971375000615448,0.4854268271702419,1.8713738386898982,2.35680066586014,2.163618316058143,1.8232047065147525,True
RPS6KB2,DSG,-0.03782538348554663,1.2172307162206693,-0.054570493174321416,1.1626602230463479,0.9746237108257302,-0.10273962534946766,False
HCAR3,NEUTRAL,-0.009755481735292315,0.13750352374993502,-0.014074185120989083,0.12342933862894594,-0.06224331729613301,-0.062243317296133346,False
REP15,DSG,-0.025996169597515675,-0.7369655941662062,-0.03750454496044431,-0.7744701391266505,-0.9601427950517307,-0.0856736771355899,False
DGKB,DIG,-1.5278514642096506,0.523561956057013,-2.2042237306302046,-1.6806617745731915,-1.843356004730215,-2.2523928628053467,True
FANCD2P2,DIG,1.3120746148118367,0.3645724322958561,1.8929235400653337,2.25749597236119,2.065932906811191,1.844754407890188,True
MIR6084,NEUTRAL,0.022487106731047243,0.13750352374993502,0.032442037364822686,0.1699455611147577,-0.015727094810322514,-0.015727094810322514,False
LINC01094,NEUTRAL,-0.0038203228272745797,0.13750352374993502,-0.00551156079750394,0.13199196295243107,-0.05368069297265004,-0.053680692972649706,False
RAB3IL1,DIG,-1.4856226144668823,0.5109619192773794,-2.1433003785238673,-1.6323384592464878,-1.8109202981433679,-2.1914695106990134,True
TMEM165,NEUTRAL,-0.018151201402269772,0.13750352374993502,-0.0261866482492314,0.11131687550070363,-0.0743557804243777,-0.07435578042437753,False
ACP7,DSG,0.014879892560858234,-3.321928094887362,0.021467147206510752,-3.3004609476808513,-3.486133603605923,-0.026701984968633897,False
TMC2,DSG,-0.047493761594295934,1.399171093819823,-0.06851901432525345,1.3306520794945695,1.141268964652548,-0.11668814650039935,False
TRMT112,DIG,0.8970019239182709,0.4329594072761063,1.2941002273047488,1.727059634580855,1.5446203406125794,1.2459310951296032,True
SNORD108,NEUTRAL,0.04648209078518266,0.13750352374993502,0.0670594818659336,0.20456300561586863,0.0188903496907893,0.0188903496907893,False
CDKN2C,NEUTRAL,0.02922870838050415,0.13750352374993502,0.042168112632143026,0.17967163638207806,-0.00600101954300201,-0.00600101954300185,False
SMARCB1,NEUTRAL,0.04414998461576617,0.13750352374993502,0.06369496386048988,0.20119848761042491,0.015525831685344472,0.01552583168534479,False
RABIF,DCG,-0.8982198726702331,1.0443941193584534,-1.2958573559292614,-0.25146323657080805,-0.42949655513358076,-1.3440264881044062,True
GCHFR,NEUTRAL,-0.007811566035827052,0.13750352374993502,-0.011269707581464347,0.12623381616847068,-0.05943883975660856,-0.05943883975660823,False
LINC01535,DSG,-0.07196449392375363,1.412781525338476,-0.10382281850388331,1.3089587068345927,1.1182360970212353,-0.15199195067902815,False
ARL4C,NEUTRAL,0.015036330282563572,0.13750352374993502,0.021692839131823013,0.15919636288175804,-0.026476293043320852,-0.026476293043321178,False
PKDREJ,NEUTRAL,-0.04341575514335081,0.13750352374993502,-0.06263569464176172,0.0748678291081733,-0.11080482681690579,-0.11080482681690527,False
GAPDHP61,NEUTRAL,-0.0016947724706697748,0.13750352374993502,-0.0024450398388704206,0.1350584839110646,-0.050614172014014615,-0.05061417201401445,False
FCRL6,DCG,-0.9385642881058698,1.3645724322958561,-1.3540620440058186,0.010510388290037476,-0.18505130464782318,-1.4022311761809632,True
SLCO4A1,DCG,-0.9388083542406798,1.4059923596758368,-1.354414157008158,0.05157820266767876,-0.1340317146067413,-1.4025832891833032,True
GJA1,DIG,-0.69888021325576,0.4195388915137848,-1.0082710178395062,-0.5887321263257215,-0.7833381695972202,-1.0564401500146527,True
NAA20,DSG,0.02432496820525004,-0.7369655941662062,0.035093510999495946,-0.7018720831667102,-0.8875447390917917,-0.013075621175650568,False
HADHAP2,DIG,1.088597401936855,0.5728896684205812,1.5705140732989102,2.1434037417194913,1.9590235452112472,1.522344941123765,True
RAB22A,DCG,-1.0287244088563268,1.2854022188622483,-1.4841356030984532,-0.1987333842362049,-0.3833118716238111,-1.5323047352735988,True
RPS4XP5,DIG,1.0478048142671497,0.5109619192773794,1.5116628093627984,2.022624728640178,1.8513201873600302,1.4634936771876497,True
GATD1,NEUTRAL,-0.000492761110300928,0.13750352374993502,-0.0007109040101740884,0.13679261973976092,-0.048880036185319616,-0.048880036185319616,False
DDX59-AS1,DCG,-0.9860473368741152,1.4262647547020981,-1.422565602990055,0.0036991517120430473,-0.1749077277467642,-1.4707347351651976,True
LDHAP5,NEUTRAL,-0.030978819821229225,0.13750352374993502,-0.044692989728680126,0.09281053402125489,-0.09286212190382376,-0.09286212190382462,False
NPY1R,NEUTRAL,0.004498364064499306,0.13750352374993502,0.00648976752796627,0.14399329127790128,-0.041679364647178356,-0.04167936464717819,False
LINC02197,NEUTRAL,0.02957330261982734,0.13750352374993502,0.042665257032333495,0.1801687807822685,-0.005503875142811346,-0.005503875142811667,False
LGMNP1,NEUTRAL,0.021324721436096296,0.13750352374993502,0.0307650698641947,0.1682685936141297,-0.017404062310950076,-0.017404062310949913,False
FGB,NEUTRAL,0.019211881012420277,0.13750352374993502,0.02771688546276757,0.1652204092127026,-0.020452246712376627,-0.020452246712376464,False
LETM1,NEUTRAL,0.004041974828452529,0.13750352374993502,0.005831337040406483,0.1433348607903415,-0.042337795134739446,-0.042337795134739446,False
GUCD1,NEUTRAL,0.050210084285171756,0.13750352374993502,0.07243783960083416,0.20994136335076918,0.024268707425690622,0.024268707425690622,False
DCAF11,NEUTRAL,-0.009452139752397977,0.13750352374993502,-0.013636555146573996,0.12386696860336102,-0.06180568732171812,-0.061805687321718795,False
SNORD12C,DCG,-0.7669882873220127,1.0531113364595626,-1.1065301985393872,-0.0534188620798246,-0.24101546706256435,-1.1546993307145272,True
RAB7A,DIG,-1.6682666609949965,0.4854268271702419,-2.406800038697871,-1.9213732115276292,-2.1074341022267125,-2.454969170873017,True
MIR2052HG,DCG,0.8456064825867085,-0.7369655941662062,1.219952278971404,0.4829866848051977,0.2973140288801181,1.1717831467962587,True
MRTO4,NEUTRAL,0.03175042235561558,0.13750352374993502,0.04580617687857668,0.1833097006285117,-0.002362955296567591,-0.0023629552965674307,False
CNTN3,NEUTRAL,0.011785568086595435,0.13750352374993502,0.017002980632590464,0.15450650438252547,-0.031166151542553255,-0.031166151542553748,False
FEM1B,NEUTRAL,-0.033440019679862536,0.13750352374993502,-0.04824375055936703,0.08925977319056799,-0.09641288273451125,-0.09641288273451039,False
ASB4,DIG,-0.6638702873167949,0.5969351423872323,-0.9577623713054714,-0.36082722891823904,-0.5433956452179943,-1.0059315034806147,True
MCM10,DSG,0.05636628252918988,1.3146965256562866,0.08131935627820847,1.396015881934495,1.2118545696178766,0.03315022410306281,False
NPIPB2,DCG,0.7591000737856959,-0.7369655941662062,1.0951499119890697,0.35818431782286353,0.17251166189778286,1.0469807798139241,True
CYP3A43,DSG,0.06631818995123706,-3.321928094887362,0.095676923763382,-3.2262511711239803,-3.4119238270490415,0.04750779158823648,False
NLRP3,DCG,-0.92680156113194,1.1779177921958432,-1.3370920161331994,-0.15917422393735614,-0.34562686981448143,-1.385261148308345,True
H3C10,DIG,1.0363024866421808,0.5849625007211562,1.4950684583395755,2.0800309590607315,1.8957528666546386,1.4468993261644283,True
MUCL1,DIG,-1.6156867695689805,0.4462562298895641,-2.3309432900870775,-1.8846870601975134,-2.073681149975986,-2.3791124222622244,True
ALDH3B1,DSG,-0.0035046712633734238,1.3645724322958561,-0.005056171851614897,1.3595162604442412,1.1689489176065357,-0.05322530402675997,False
S100A10,DCG,-0.8271188733464013,1.1375035237499351,-1.1932802968025198,-0.05577677305258466,-0.24054679771464182,-1.2414494289776663,True
HOMER2,NEUTRAL,0.024096028832462535,0.13750352374993502,0.03476322130171118,0.1722667450516462,-0.01340591087343453,-0.013405910873434691,False
CEP128,NEUTRAL,0.00814524150968804,0.13750352374993502,0.011751099532869869,0.1492546232828049,-0.03641803264227539,-0.03641803264227539,False
TXLNA,NEUTRAL,-0.035490599291835935,0.13750352374993502,-0.05120211159650906,0.08630141215342596,-0.09937124377165238,-0.09937124377165221,False
TPPP3,NEUTRAL,0.05328064046739957,0.13750352374993502,0.07686771577770518,0.2143712395276402,0.02869858360255952,0.028698583602559204,False
MACIR,NEUTRAL,-0.005922840479976939,0.13750352374993502,-0.008544852588439138,0.12895867116149587,-0.05671398476358421,-0.05671398476358421,False
CFAP45,DCG,-1.086505812122228,1.4059923596758368,-1.567496547045774,-0.1615041873699372,-0.3413712661213526,-1.6156656792209194,True
LINC01107,NEUTRAL,0.03956279432614803,0.13750352374993502,0.05707704717804379,0.1945805709279788,0.008907915002898552,0.008907915002898871,False
RTBDN,DIG,-1.3606313465834168,0.4724877714627438,-1.9629760961939677,-1.490488324731224,-1.6831114022172142,-2.011145228369113,True
KIAA0319L,NEUTRAL,-0.04125739184590994,0.13750352374993502,-0.05952183461610702,0.077981689133828,-0.10769096679125208,-0.10769096679125242,False
RBM7P1,DIG,-1.5356932535908407,0.45943161863729726,-2.2155370412821433,-1.756105422644846,-1.928724286932617,-2.2637061734572885,True
SNORA9,DIG,0.9657208181725301,0.523561956057013,1.3932406352607416,1.9168025913177544,1.7351640212161967,1.3450715030855973,True
LYRM2,DIG,1.0237764694542044,0.45943161863729726,1.476997235460392,1.9364288540976893,1.7514939885292122,1.428828103285247,True
P2RY14,DSG,-0.04118549698732044,1.1292830169449666,-0.059418112260154546,1.069864904684812,0.8795793123987742,-0.10758724443530086,False
NDUFAF5,DSG,-0.057601373542100515,-3.321928094887362,-0.08310121595758116,-3.4050293108449434,-3.5907019667700233,-0.13127034813272628,False
HBS1L,DIG,-1.5811330775308925,0.4854268271702419,-2.2810928499393235,-1.7956660227690815,-1.9873831389713232,-2.3292619821144704,True
FRY-AS1,NEUTRAL,-0.02184534470332905,0.13750352374993502,-0.031516170470002804,0.10598735327993222,-0.0796853026451473,-0.07968530264514764,False
PFDN6,DIG,1.6576807746382585,0.5484366246960424,2.391527832947591,2.939964457643633,2.7513241490433864,2.3433587007724443,True
PRKAR2A,NEUTRAL,0.016406722436108304,0.13750352374993502,0.023669897095815146,0.16117342084575018,-0.024499235079328618,-0.024499235079328618,False
CCT6B,DIG,-1.1013048463058888,0.45943161863729726,-1.588847040272488,-1.1294154216351906,-1.3185697305380832,-1.6370161724476326,True
VPS13B,DCG,-0.8488754976829429,1.185866545311334,-1.2246684708393325,-0.03880192552799855,-0.21819387261580572,-1.2728376030144783,True
PRKAR1AP1,NEUTRAL,0.0039037684163128784,0.13750352374993502,0.005631947334993552,0.14313547108492858,-0.04253718484015114,-0.042537184840150975,False
KLHDC2,NEUTRAL,-0.025804976642147624,0.13750352374993502,-0.037228711831881915,0.1002748119180531,-0.08539784400702694,-0.0853978440070266,False
VSIR,NEUTRAL,0.03109715787533064,0.13750352374993502,0.04486371545248069,0.1823672392024157,-0.0033054167226628343,-0.0033054167226629952,False
FASTKD2,NEUTRAL,-0.049935087432772286,0.13750352374993502,-0.07204110300561738,0.06546242074431764,-0.12021023518076164,-0.12021023518076164,False
MAPRE1,DSG,-0.13886816033366337,1.3001237245690138,-0.20034440625074962,1.0997793183182643,0.9120950494452198,-0.24851353842589508,False
ZNF786,DIG,1.116773393478008,0.4329594072761063,1.6111634365674612,2.0441228438435677,1.8789141993198315,1.5629943043923147,True
DPH6-DT,NEUTRAL,-0.030613243400812788,0.13750352374993502,-0.044165574439879396,0.09333794931005562,-0.09233470661502426,-0.09233470661502426,False
RPS20P12,NEUTRAL,0.023110104850967497,0.13750352374993502,0.033340833662914786,0.1708443574128498,-0.014828298512229703,-0.014828298512229866,False
OR56B4,NEUTRAL,-0.03906016768323552,0.13750352374993502,-0.056351910212895234,0.08115161353703979,-0.1045210423880396,-0.1045210423880396,False
SERPINA6,NEUTRAL,-0.02061534096515776,0.13750352374993502,-0.029741650176668195,0.10776187357326683,-0.07791078235181323,-0.07791078235181305,False
LRRC43,NEUTRAL,0.0537720205131674,0.13750352374993502,0.07757662733292622,0.21508015108286124,0.02940749515778009,0.029407495157780406,False
ZNF205,DCG,-0.8136734195171984,1.0959244199985356,-1.1738826072406272,-0.07795818724209158,-0.2689092003871298,-1.2220517394157744,True
CD47,DIG,-1.3923654689019669,0.49825086752782544,-2.008758757089904,-1.5105078895620785,-1.6893830456202281,-2.0569278892650487,True
TMEM40,DIG,-1.11353330521358,0.3645724322958561,-1.6064889772963287,-1.2419165450004725,-1.4294578296656206,-1.654658109471473,True
ANO2,DIG,1.57552887720095,0.608809242675524,2.273007697915167,2.8818169405906913,2.6986609687589054,2.2248385657400216,True
RPL12P17,NEUTRAL,0.010332954389708987,0.13750352374993502,0.014907302055765001,0.15241082580570003,-0.03326183011938016,-0.033261830119380324,False
PAXIP1,DIG,0.8044437425625401,0.3923174227787603,1.1605669980691347,1.552884420847895,1.3712890834272955,1.1123978658939895,True
HOXC12,NEUTRAL,-0.003284135912635386,0.13750352374993502,-0.004738006594764422,0.1327655171551706,-0.052907138769908144,-0.05290713876990831,False
RAD18,DIG,0.7911800322064128,0.45943161863729726,1.1414315089145621,1.6008631275518594,1.4020307657299833,1.0932623767394152,True
BCL9P1,NEUTRAL,-0.07466593452081226,0.13750352374993502,-0.10772017345651591,0.02978335029341911,-0.15588930563165998,-0.15588930563165998,False
PRR5L,DIG,0.907039363415301,0.3923174227787603,1.3085811914903371,1.7008986142690974,1.5148215700998877,1.260412059315191,True
FASTKD5,DSG,-0.023589082164223778,1.2779847472997656,-0.03403185185744794,1.2439528954423178,1.0558289998820451,-0.08220098403259288,False
SLC1A7,NEUTRAL,-0.016759853618342927,0.13750352374993502,-0.02417935770120829,0.11332416604872672,-0.07234848987635278,-0.07234848987635278,False
SUCLA2-AS1,NEUTRAL,0.03907932507754024,0.13750352374993502,0.05637954849065501,0.19388307224059004,0.008210416315510186,0.008210416315509866,False
MATR3,NEUTRAL,0.04439191628049751,0.13750352374993502,0.0640439974734318,0.20154752122336683,0.015874865298287574,0.015874865298287254,False
RPL10P19,NEUTRAL,-0.032679065682744965,0.13750352374993502,-0.04714592600138087,0.09035759774855415,-0.09531505817652637,-0.09531505817652569,False
FRRS1L,NEUTRAL,-0.024439980678253755,0.13750352374993502,-0.03525943892393878,0.10224408482599624,-0.08342857109908416,-0.08342857109908433,False
PLK1,DSG,0.01985794678512225,1.4724877714627438,0.028648961349132803,1.5011367328118765,1.318525736310511,-0.01952017082601383,False
ZC3H12C,NEUTRAL,-0.005590627705135476,0.13750352374993502,-0.008065570865655397,0.12943795288427962,-0.05623470304080025,-0.05623470304080008,False
NPM1P39,NEUTRAL,0.005638573593085825,0.13750352374993502,0.008134742160432385,0.1456382659103674,-0.0400343900147132,-0.040034390014713366,False
SPOCD1,NEUTRAL,-0.02495695671134155,0.13750352374993502,-0.03600527768313299,0.10149824606680202,-0.08417440985827684,-0.08417440985827666,False
AXL,DIG,-0.9517013215462502,0.560714954474479,-1.373014777002248,-0.812299822527769,-1.0028052127710143,-1.421183909177395,True
CREBL2,DIG,1.3867776354664867,0.45943161863729726,2.000697217503223,2.4601288361405205,2.2811054108036095,1.9525280853280773,True
SLC41A1,DCG,-0.7603438721588273,1.1937717433966801,-1.096944333733852,0.0968274096628281,-0.08583060109316099,-1.145113465908998,True
ZNF704,DCG,-0.8046929129973797,1.3001237245690138,-1.1609264750198138,0.1391972495492,-0.0477630677896169,-1.2090956071949601,True
ARFGAP1,DCG,-1.004563502741881,1.3923174227787602,-1.4492787836637584,-0.05696136088499815,-0.24437494114950145,-1.4974479158389038,True
FOXD2-AS1,NEUTRAL,0.027063757496134704,0.13750352374993502,0.03904474872749505,0.17654827247743007,-0.009124383447649084,-0.009124383447648923,False
LINC01087,NEUTRAL,-0.02131809802236035,0.13750352374993502,-0.030755514298044098,0.10674800945189092,-0.07892464647318938,-0.07892464647318938,False
CAB39,NEUTRAL,0.014884624124175686,0.13750352374993502,0.021473973409444493,0.1589774971593795,-0.026695158765701534,-0.026695158765701534,False
CLDN16,DSG,0.011536053060943534,1.2555007331483865,0.016643006542455183,1.2721437396908417,1.0890923704753033,-0.031526125632690256,False
TMEM263,NEUTRAL,0.03165673305037471,0.13750352374993502,0.045671011782521344,0.18317453553245636,-0.0024981203926245487,-0.0024981203926240673,False
IVL,DCG,-0.7811330659892755,1.2927817492278462,-1.1269368005771192,0.16584494865072696,-0.022765454665546504,-1.175105932752264,True
DNAL4,NEUTRAL,0.0004552145706172256,0.13750352374993502,0.0006567358035698702,0.1381602595535049,-0.047512396371574256,-0.04751239637157459,False
UBAP2L,DCG,-0.9947659490542334,1.3291235962915664,-1.435143901545746,-0.10602030525417949,-0.29036464591591155,-1.4833130337208917,True
OGA,NEUTRAL,0.04121544972502739,0.13750352374993502,0.0594613249263054,0.19696484867624042,0.01129219275116159,0.011292192751161908,False
LINC01233,DIG,-1.0054517802006762,0.5484366246960424,-1.4505602971484954,-0.9021236724524531,-1.0830502141336793,-1.498729429323627,True
GRIP2,DIG,-0.7788521970783817,0.4462562298895641,-1.123646202310455,-0.6773899724208909,-0.8592170476997583,-1.1718153344855993,True
CDK5P1,DCG,-1.039097394327291,1.3504972470841334,-1.4991006577966266,-0.14860341071249317,-0.3387937083940159,-1.5472697899717658,True
RLN3,DIG,-1.382517003229111,0.53605290024021,-1.9945504245033094,-1.4584975242630995,-1.6530489421928276,-2.0427195566784375,True
MAP3K10,DSG,0.10167096873540955,1.2016338611696507,0.1466802023969522,1.3483140635666029,1.1710437863184482,0.09851107022180522,False
GALNT15,DIG,1.2373992981210775,0.4195388915137848,1.7851898309987626,2.2047287225125474,2.014857195286505,1.7370206988236174,True
CCNA1,NEUTRAL,0.01400070565913576,0.13750352374993502,0.020198748623381207,0.15770227237331622,-0.027970383551763338,-0.027970383551763175,False
MYCBPAP,DSG,0.0340180070531592,1.2172307162206693,0.04907761007651856,1.266308326297188,1.0837508559506641,0.0009084779013735175,False
MEF2AP1,DCG,-0.9329266385724351,1.4262647547020981,-1.3459286349816624,0.08033611972043575,-0.10726232178073727,-1.3940977671567985,True
AP2B1,NEUTRAL,0.025198846885724102,0.13750352374993502,0.03635425143815446,0.17385777518808948,-0.011814880736990534,-0.011814880736990859,False
LINC01213,DSG,-0.045907344378987996,-3.321928094887362,-0.06623029807594781,-3.38815839296331,-3.573831048888373,-0.11439943025109166,False
LINC02449,DIG,0.7093681177122706,0.53605290024021,1.0234018655882313,1.5594547658284412,1.3754378110885108,0.9752327334130841,True
RNF217,DIG,0.621591521709413,0.4329594072761063,0.8967670058287946,1.329726413104901,1.1354640068417683,0.8485978736536496,True
PFKFB4,NEUTRAL,-0.0061888201236384435,0.13750352374993502,-0.008928580101327004,0.12857494364860803,-0.05709771227647132,-0.05709771227647132,False
TMSB10,DIG,-0.8917050194104454,0.45943161863729726,-1.2864584094392466,-0.8270267908019493,-1.010026612635225,-1.3346275416143913,True
VSIG8,DCG,-0.7532646312251015,1.232660756790275,-1.0867311479455077,0.14592960884476724,-0.03888187898929326,-1.1349002801206507,True
NKX2-3,NEUTRAL,-0.007422589570744622,0.13750352374993502,-0.010708533164267406,0.12679499058566762,-0.058877665339411876,-0.05887766533941154,False
MIR210HG,NEUTRAL,0.05718386291857172,0.13750352374993502,0.08249887545149771,0.22000239920143272,0.03432974327635413,0.034329743276353505,False
HEXIM1,NEUTRAL,0.02877532162377155,0.13750352374993502,0.04151401380660017,0.17901753755653518,-0.006655118368546031,-0.006655118368546031,False
DNAAF5,DIG,0.7290852232382742,0.5969351423872323,1.051847635951281,1.6487827783385134,1.4689013090749135,1.0036785037761338,True
VTI1BP2,NEUTRAL,-0.04732634307689983,0.13750352374993502,-0.06827748046045311,0.06922604328948191,-0.1164466126355987,-0.11644661263559854,False
FOXC2-AS1,NEUTRAL,0.03581645429980255,0.13750352374993502,0.05167222100055133,0.18917574475048635,0.003503088825406682,0.003503088825406682,False
LRRCC1,DCG,-0.9990524044070372,1.1699250014423124,-1.4413279494262279,-0.2714029479839155,-0.4639706847006553,-1.4894970816013722,True
RSAD2,DIG,1.7102401990099605,0.3923174227787603,2.467355053840624,2.859672476619384,2.68658909395398,2.419185921665479,True
DHFR,NEUTRAL,0.016894695302889912,0.13750352374993502,0.02437389313080934,0.16187741688074436,-0.023795239044336322,-0.02379523904433567,False
AAK1,DIG,1.0074505383883734,0.4462562298895641,1.4534438956738227,1.8997001255633867,1.7230813190053351,1.4052747634986777,True
VAMP1,DIG,-0.8994558449139671,0.523561956057013,-1.297640486955973,-0.7740785308989601,-0.9580063268497852,-1.3458096191311197,True
SCOC-AS1,NEUTRAL,0.035302062465131706,0.13750352374993502,0.05093011045159793,0.18843363420153295,0.002760978276452836,0.002760978276452516,False
RPL12P16,NEUTRAL,0.0008680086794191048,0.13750352374993502,0.0012522718172465206,0.13875579556718154,-0.04691686035789878,-0.04691686035789911,False
RPL12P42,DIG,-1.5393868675504319,0.5849625007211562,-2.2208657998246037,-1.6359032991034477,-1.8265044324289976,-2.2690349319997423,True
MAP3K20-AS1,NEUTRAL,-0.010259560024312756,0.13750352374993502,-0.014801416368778665,0.12270210738115636,-0.06297054854392382,-0.06297054854392348,False
GIMAP1,DIG,0.6744152878825743,0.3645724322958561,0.9729755913278926,1.3375480236237487,1.1627304179229074,0.9248064591527464,True
NUP85,DSG,-0.08138041579700818,1.1043366598147357,-0.11740712229582556,0.9869295375189102,0.8000940048024962,-0.1655762544709719,False
KCTD11,NEUTRAL,0.004147394904908532,0.13750352374993502,0.005983426061919693,0.14348694981185472,-0.04218570611322524,-0.04218570611322507,False
HINT1P1,DIG,-1.1362977936585477,0.4854268271702419,-1.6393311918842575,-1.1539043647140157,-1.3421325182878563,-1.6875003240593998,True
MIR186,NEUTRAL,0.01258964823255924,0.13750352374993502,0.018163023071649718,0.15566654682158473,-0.030006109103494785,-0.03000610910349462,False
SSMEM1,DIG,1.1833091587026947,0.4195388915137848,1.7071542550988692,2.126693146612654,1.9487406368357434,1.6589851229237196,True
SLC25A3,NEUTRAL,-0.024646771375751074,0.13750352374993502,-0.03555777483772013,0.10194574891221489,-0.08372690701286518,-0.08372690701286553,False
TMSB4XP6,DCG,-1.0644649274617262,1.3434078222978139,-1.5356982720492627,-0.19229044975144882,-0.37528704905584054,-1.5838674042244076,True
CCNP,DSG,-0.0814527895128022,1.1043366598147357,-0.1175115354966923,0.9868251243180435,0.7980053246888493,-0.16568066767183828,False
RPL10P9,DIG,1.126333460581936,0.49825086752782544,1.6249556979688637,2.123206565496689,1.9434664877651673,1.5767865657937192,True
TNPO1,NEUTRAL,-0.02544119032944054,0.13750352374993502,-0.03670387912259612,0.1007996446273389,-0.08487301129774028,-0.08487301129773993,False
LARP4P,NEUTRAL,-0.05003375006777563,0.13750352374993502,-0.07218344309985773,0.06532008065007729,-0.1203525752750027,-0.12035257527500305,False
NRCAM,DIG,1.6311027786501493,0.5484366246960424,2.353183889938779,2.9016205146348213,2.7336615981901216,2.3050147577636326,True
ZNRF2P2,DIG,-0.7847995303758505,0.53605290024021,-1.132226390565227,-0.596173490325017,-0.7691178026103339,-1.1803955227403722,True
ARL4A,DSG,-0.025752922178920293,1.2705289423807182,-0.03715361311592771,1.2333753292647904,1.0540945412998617,-0.08532274529107389,False
SLC24A3,DSG,-0.05069631921025264,1.232660756790275,-0.07313932831595538,1.1595214284743196,0.9824131206620011,-0.1213084604911014,False
CD6,DIG,-1.5567833910564821,0.3923174227787603,-2.2459636780154906,-1.8536462552367303,-2.029189645604701,-2.294132810190637,True
NPEPL1,DCG,-0.7585605765140476,1.1538053360790355,-1.0943715819506896,0.05943375412834584,-0.12703095303464823,-1.1425407141258357,True
PTGFR,NEUTRAL,0.006826722054087119,0.13750352374993502,0.009848878052958804,0.14735240180289383,-0.038320254122184816,-0.038320254122184656,False
HIGD1C,DIG,-0.8251042305676146,0.4195388915137848,-1.1903737816564015,-0.7708348901426167,-0.9700203150020716,-1.2385429138315387,True
CCND2-AS1,DSG,0.10792514499962631,1.3923174227787602,0.15570307147818319,1.5480204942569435,1.362678548175898,0.10753393930303873,False
HPSE,NEUTRAL,0.045040876495856426,0.13750352374993502,0.06498024915786434,0.20248377290779934,0.01681111698271792,0.016811116982718234,False
SNORD116-21,NEUTRAL,0.010570484040249163,0.13750352374993502,0.015249984904663401,0.1527535086545984,-0.032919147270481376,-0.032919147270481536,False
IDH3A,NEUTRAL,0.012404839500715815,0.13750352374993502,0.01789640043070623,0.15539992418064125,-0.030272731744438206,-0.030272731744437714,False
DCUN1D4,NEUTRAL,-0.07018958274952498,0.13750352374993502,-0.10126216295480522,0.036241360795129796,-0.14943129512994865,-0.1494312951299492,False
SETBP1-DT,NEUTRAL,-0.0021215316279738173,0.13750352374993502,-0.003060723158766916,0.13444280059116812,-0.05122985533391213,-0.051229855333912465,False
TDRD10,DCG,-0.8956740761560708,1.3001237245690138,-1.292184547923167,0.007939176645846757,-0.17871884011677114,-1.340353680098313,True
GTF2E2,NEUTRAL,-0.0005219069150187647,0.13750352374993502,-0.0007529525181032295,0.1367505712318318,-0.04892208469324756,-0.048922084693247894,False
IGFBP7,NEUTRAL,-0.033011743679453164,0.13750352374993502,-0.047625878897444664,0.08987764485249036,-0.09579501107258839,-0.09579501107258856,False
LINC00923,DIG,-0.7445737479411269,0.3645724322958561,-1.0741928537307728,-0.7096204214349167,-0.8965333068582146,-1.1223619859059148,True
LINC01376,DIG,-1.0120309121332587,0.523561956057013,-1.4600519781609866,-0.9364900221039737,-1.1220954808948598,-1.5082211103361325,True
ST14,NEUTRAL,0.022264257192491487,0.13750352374993502,0.032120533440683906,0.16962405719061893,-0.016048598734461603,-0.016048598734461603,False
CLDN22,NEUTRAL,0.09697558403070318,0.13750352374993502,0.13990619416840644,0.27740971791834146,0.09173706199326206,0.09173706199326116,False
PTPN5,DIG,1.442733857081371,0.405992359675837,2.0814249809339005,2.4874173406097375,2.311625136829662,2.0332558487587553,True
XRCC4,NEUTRAL,-0.03378121225148326,0.13750352374993502,-0.048735987390432396,0.08876753635950263,-0.09690511956557737,-0.09690511956557703,False
ITPRIP-AS1,NEUTRAL,-0.03132684983007355,0.13750352374993502,-0.04519509089652038,0.09230843285341464,-0.09336422307166559,-0.09336422307166542,False
MT2A,NEUTRAL,0.011102535229760896,0.13750352374993502,0.016017572517271053,0.15352109626720606,-0.032151559657874695,-0.03215155965787453,False
BBX,DIG,0.7214940648670285,0.49825086752782544,1.040895909414482,1.5391467769423075,1.3489226347759433,0.9927267772393363,True
CRHBP,NEUTRAL,0.04193303801998069,0.13750352374993502,0.0604965860008345,0.1980001097507695,0.0123274538256889,0.0123274538256889,False
ST7,DIG,0.6961172357051514,0.560714954474479,1.0042848838291556,1.5649998383036348,1.3800122790883884,0.9561157516540082,True
GJD4,DIG,1.3696529566922833,0.4329594072761063,1.9759915283588634,2.40895093563497,2.222520880640244,1.9278223961837144,True
NSA2P6,NEUTRAL,-0.0018795600670933454,0.13750352374993502,-0.002711631987848497,0.13479189176208653,-0.05088076416299416,-0.050880764162993995,False
ZNF544,DIG,1.1474885280522245,0.5728896684205812,1.6554760088979206,2.228365677318502,2.035601650446531,1.6073068767227752,True
LINC02562,DIG,-1.0238125160366514,0.4329594072761063,-1.4770492396861292,-1.044089832410023,-1.221881161462546,-1.5252183718612724,True
EDN2,NEUTRAL,0.04030126958916183,0.13750352374993502,0.05814244177781296,0.195645965527748,0.009973309602667079,0.009973309602667079,False
RNU6-100P,DIG,1.6286188476764945,0.3923174227787603,2.3496003350411767,2.741917757819937,2.561128310252741,2.3014312028660266,True
THEM6,DCG,0.7602051485475204,-0.7369655941662062,1.0967441978677654,0.35977860370155923,0.17410594777647811,1.0485750656926194,True
GATA6-AS1,NEUTRAL,0.022990930159488606,0.13750352374993502,0.03316890092651872,0.17067242467645374,-0.015000231248625331,-0.015000231248625331,False
TAFA1,NEUTRAL,0.014135376391484955,0.13750352374993502,0.020393037421094277,0.1578965611710293,-0.027776094754051045,-0.027776094754051208,False
TASP1,DSG,-0.031820661554574206,1.3923174227787602,-0.045907510622590304,1.34640991215617,1.1575770634384182,-0.09407664279773599,False
FOXO3B,NEUTRAL,0.04935888041932247,0.13750352374993502,0.07120981200478789,0.2087133357547229,0.02304067982964409,0.023040679829643463,False
ETF1,NEUTRAL,0.005463463913378215,0.13750352374993502,0.00788211229390656,0.14538563604384158,-0.040287019881239144,-0.04028701988123865,False
LRRC8B,NEUTRAL,0.03826782112643235,0.13750352374993502,0.05520879576472986,0.1927123195146649,0.007039663589584659,0.007039663589584659,False
RAB31,NEUTRAL,0.05044104144584248,0.13750352374993502,0.07277104035119161,0.21027456410112663,0.024601908176045448,0.024601908176045448,False
CXADR,DIG,-0.7266935819289364,0.5109619192773794,-1.0483972268947142,-0.5374353076173347,-0.7228125330109978,-1.0965663590698598,True
ZNF821,NEUTRAL,0.0006167122106645124,0.13750352374993502,0.0008897276479813617,0.1383932513979164,-0.04727940452716305,-0.04727940452716305,False
ZFHX4-AS1,DCG,-0.880024478254578,1.4594316186372973,-1.269606950638777,0.18982466799852027,0.0019199369582247171,-1.3177760828139218,True
ADAM10,NEUTRAL,-0.01759474614238088,0.13750352374993502,-0.025383853005313112,0.11211967074462191,-0.07355298518045786,-0.07355298518045786,False
RPL34P22,DIG,-0.7225344209249123,0.4329594072761063,-1.0423968259399499,-0.6094374186638436,-0.7888775597453216,-1.0905659581150808,True
ITSN2,DIG,-1.3138622258160646,0.5109619192773794,-1.895502517596172,-1.3845405983187926,-1.5780701716863765,-1.943671649771318,True
AQP5,DIG,0.5582627271263065,0.4724877714627438,0.805402867938271,1.2778906394010148,1.0873100674227612,0.7572337357631254,True
H2BC8,DIG,-1.292815912255985,0.523561956057013,-1.865139105394051,-1.3415771493370379,-1.533767927569582,-1.9133082375691972,True
GGA3,DSG,0.13098625462439803,1.3146965256562866,0.1889732199712381,1.5036697456275248,1.3167763177200043,0.14080408779609274,False
RAB37,DSG,0.06249201676202778,1.2249663650002742,0.09015692267772746,1.3151232876780017,1.1341142875959516,0.04198779050258069,False
REST,NEUTRAL,-0.024063136949765446,0.13750352374993502,-0.034715768345658586,0.10278775540427643,-0.08288490052080286,-0.08288490052080269,False
PCDHB15,NEUTRAL,0.02478760327222729,0.13750352374993502,0.035760952316365356,0.17326447606630038,-0.01240817985878005,-0.01240817985878005,False
PHACTR4,NEUTRAL,-0.03238916181111601,0.13750352374993502,-0.04672768312344726,0.09077584062648776,-0.09489681529859145,-0.09489681529859179,False
ZNF433-AS1,DIG,-0.664461766428113,0.560714954474479,-0.9586156952861594,-0.39790074081168036,-0.5894839307139196,-1.0067848274613058,True
WDR19,NEUTRAL,-0.006693474632706028,0.13750352374993502,-0.009656642658921062,0.12784688109101397,-0.057825774834066986,-0.057825774834066986,False
DAZAP2,DIG,0.9091110177551068,0.4195388915137848,1.311569956932811,1.7311088484465957,1.5319234235871344,1.2634008247576651,True
IFITM3P3,DIG,0.9151848223546849,0.45943161863729726,1.3203326047079509,1.7797642233452482,1.5868598667300493,1.2721634725328042,True
RPAP1,NEUTRAL,-0.022144846213653147,0.13750352374993502,-0.03194825981368613,0.1055552639362489,-0.08011739198883025,-0.08011739198883042,False
UBXN11,NEUTRAL,0.049047463813681934,0.13750352374993502,0.07076053281217981,0.20826405656211483,0.02259140063703572,0.02259140063703572,False
MRPL52,DIG,1.5930492807583783,0.405992359675837,2.2982842972418425,2.7042766569176795,2.5070259021571526,2.2501151650666977,True
ANAPC10P1,NEUTRAL,-0.001654614868121954,0.13750352374993502,-0.0023871046648206895,0.13511641908511432,-0.050556236839964505,-0.050556236839964505,False
MRPS21,DCG,-0.8869739152420874,1.4059923596758368,-1.2796328689176273,0.12635949075820951,-0.060518145740548514,-1.3278020010927734,True
RNU4-47P,DSG,0.032943074341657275,1.3146965256562866,0.0475268099843454,1.362223335640632,1.1754975237506542,-0.0006423221907980493,False
ARMC8,DIG,-0.8959524097273188,0.5484366246960424,-1.2925860983861195,-0.7441494736900771,-0.9301317348390281,-1.340755230561265,True
PRC1-AS1,NEUTRAL,-0.036928529198175866,0.13750352374993502,-0.05327660594153161,0.08422691780840341,-0.10144573811667741,-0.10144573811667759,False
SGSM1,NEUTRAL,0.012846529438589036,0.13750352374993502,0.01853362431368648,0.1560371480636215,-0.029635507861458788,-0.029635507861459114,False
SAA2,NEUTRAL,-0.004229997899476044,0.13750352374993502,-0.006102596992544821,0.1314009267573902,-0.0542717291676885,-0.054271729167688666,False
ERCC5,NEUTRAL,-0.011568584837628825,0.13750352374993502,-0.01668993997535036,0.12081358377458466,-0.06485907215049622,-0.06485907215049605,False
GSDME,DSG,-0.051091505172155965,1.3785116232537298,-0.07370946114342224,1.3048021621103076,1.120015197159756,-0.12187859331856801,False
MIR6756,NEUTRAL,0.0006318459977727069,0.13750352374993502,0.0009115610875922234,0.13841508483752724,-0.0472575710875527,-0.04725757108755303,False
ADAMTS9,NEUTRAL,-0.01597667071796895,0.13750352374993502,-0.023049463614729718,0.1144540601352053,-0.07121859578987405,-0.07121859578987388,False
CAP2P1,NEUTRAL,-0.005271677523948418,0.13750352374993502,-0.007605423020966193,0.12989810072896882,-0.055774555196110645,-0.05577455519611098,False
CDKL3,NEUTRAL,-0.009932272190388692,0.13750352374993502,-0.014329239833833128,0.12317428391610188,-0.062498372008977815,-0.06249837200897765,False
RTCB,NEUTRAL,-0.0701386098085668,0.13750352374993502,-0.10118862454566534,0.03631489920426968,-0.14935775672080992,-0.14935775672080936,False
IL10RA,NEUTRAL,-0.03399087560260931,0.13750352374993502,-0.049038467667358115,0.0884650560825769,-0.09720759984250395,-0.09720759984250413,False
LRRN1,DIG,-0.7020376721955746,0.4854268271702419,-1.0128262681937872,-0.5273994410235453,-0.7175801093984485,-1.0609954003689333,True
KCNJ11,DIG,-1.3874607850992953,0.4195388915137848,-2.001682794090661,-1.5821439025768762,-1.7612029552562793,-2.049851926265806,True
PIP4K2C,DIG,1.182090038440235,0.45943161863729726,1.7053954363419714,2.1648270549792685,1.9711834374423134,1.657226304166825,True
LSR,DSG,-0.011214297487678899,1.3146965256562866,-0.01617881137252791,1.2985177142837587,1.122951444700521,-0.06434794354767473,False
HNRNPAB,DIG,1.1523637899464865,0.3923174227787603,1.6625095250558073,2.0548269478345675,1.867659947651869,1.6143403928806612,True
EMILIN3,DSG,-0.0016927217820868223,1.4262647547020981,-0.002442081320621387,1.4238226733814767,1.2448753062599998,-0.05061121349576733,False
VAC14-AS1,NEUTRAL,0.06343604911518769,0.13750352374993502,0.09151887347207,0.22902239722200501,0.04334974129692529,0.043349741296924975,False
PPP1R3G,DIG,0.8081454534606257,0.53605290024021,1.1659074380246073,1.7019603382648172,1.5043823987779599,1.1177383058494605,True
PARVG,NEUTRAL,-0.03373128190520665,0.13750352374993502,-0.04866395312746925,0.08883957062246577,-0.0968330853026137,-0.09683308530261335,False
KRT8P30,NEUTRAL,0.0193668346639616,0.13750352374993502,0.027940436327413876,0.1654439600773489,-0.02022869584773086,-0.020228695847730696,False
RNU6-26P,DIG,1.5489552718675108,0.53605290024021,2.234670089282074,2.7707229895222842,2.5815162634298003,2.186500957106925,True
EIF2A,DSG,-0.00359013490858974,1.1127001327493624,-0.00517946982874477,1.1075206629206176,0.9226780330941025,-0.05334860200389046,False
LINC02523,DIG,-0.6913891531298447,0.4329594072761063,-0.9974637025448472,-0.5645042952687409,-0.7582673957294376,-1.0456328347199826,True
CDC20,NEUTRAL,-0.008800401707343398,0.13750352374993502,-0.012696295901015087,0.12480722784891993,-0.06086542807616069,-0.06086542807616069,False
CCDC169,NEUTRAL,0.012035364057428045,0.13750352374993502,0.017363360040944714,0.15486688379087973,-0.03080577213419938,-0.030805772134199542,False
PTPN11,NEUTRAL,0.053383066165737805,0.13750352374993502,0.07701548482475734,0.21451900857469236,0.028846352649612907,0.028846352649612907,False
FASTK,DIG,-1.2551605664556675,0.4724877714627438,-1.8108139247449737,-1.33832615328223,-1.5234324754768604,-1.858983056920121,True
GCSHP3,NEUTRAL,-0.006226218471464571,0.13750352374993502,-0.008982534512273198,0.1285209892376618,-0.0571516666874182,-0.05715166668741837,False
ERCC3,NEUTRAL,-0.0075100278164879,0.13750352374993502,-0.010834679887785264,0.12666884386214974,-0.059003812062931156,-0.05900381206293132,False
PRR7-AS1,DIG,0.6963307407388342,0.49825086752782544,1.0045929064824546,1.50284377401028,1.324319036703616,0.9564237743073081,True
FGD4,DIG,-1.6427169544763165,0.523561956057013,-2.369939603807203,-1.8463776477501899,-2.043570728407732,-2.41810873598235,True
RECK,DIG,-1.7189429798773128,0.523561956057013,-2.4799105126398966,-1.9563485565828835,-2.1400185393252915,-2.528079644815044,True
ADTRP,DSG,-0.06316421068930898,1.4262647547020981,-0.09112669352313173,1.3351380611789665,1.1488362795608202,-0.13929582569827617,False
ZP3,DIG,1.092441964112912,0.4329594072761063,1.576060604084697,2.0090200113608034,1.8215488499174468,1.5278914719095502,True
UVSSA,NEUTRAL,0.005743381135540035,0.13750352374993502,0.008285947482178832,0.14578947123211386,-0.039883184692966256,-0.039883184692966256,False
ZBED5,NEUTRAL,-0.02830177200400809,0.13750352374993502,-0.04083082611855257,0.09667269763138245,-0.08899995829369767,-0.08899995829369767,False
WDR26,DCG,0.8250879963853588,-0.7369655941662062,1.1903503606821682,0.45338476651596193,0.26771211059088024,1.1421812285070214,True
LCE2B,DCG,2.0794415416798357,-3.321928094887362,3.0,-0.3219280948873622,-0.5076007508124398,2.9518308678248504,True
HYPK,NEUTRAL,0.04201427973461897,0.13750352374993502,0.06061379301965647,0.1981173167695915,0.012444660844512196,0.012444660844512196,False
KLK11,DIG,1.440139046193819,0.45943161863729726,2.0776814601343845,2.537113078771682,2.34417445870487,2.0295123279592384,True
PRRC1,NEUTRAL,-0.010596602315538588,0.13750352374993502,-0.015287665610900029,0.12221585813903499,-0.06345679778604572,-0.06345679778604572,False
RNU1-123P,NEUTRAL,-0.06325116588051799,0.13750352374993502,-0.09125214334626851,0.04625138040366651,-0.1394212755214137,-0.13942127552141353,False
ZBTB8OSP2,NEUTRAL,-0.03732853813240194,0.13750352374993502,-0.053853696847250845,0.08364982690268417,-0.10202282902239489,-0.10202282902239437,False
CBL,NEUTRAL,-0.026281737401477157,0.13750352374993502,-0.037916532215057086,0.09958699153487793,-0.08608566439020239,-0.0860856643902029,False
CA3-AS1,DCG,2.0794415416798357,-3.321928094887362,3.0,-0.3219280948873622,-0.5076007508124419,2.951830867824855,True
SMIM32,NEUTRAL,0.07194760954576447,0.13750352374993502,0.10379845949548985,0.24130198324542487,0.05562932732034541,0.05562932732034541,False
EFCAB10,DIG,-0.9632138584716049,0.4462562298895641,-1.3896238569325083,-0.9433676270429443,-1.12354049550173,-1.4377929891076535,True
ITGB3,NEUTRAL,0.0026766447632294316,0.13750352374993502,0.0038615821261325147,0.14136510587606754,-0.04430755004901349,-0.04430755004901332,False
CA1,DCG,-0.7647598329712858,1.2479275134435854,-1.103315218498746,0.1446122949448394,-0.04712544175466704,-1.1514843506738885,True
CASP9,NEUTRAL,0.04316926248194982,0.13750352374993502,0.062280080901542995,0.19978360465147801,0.014110948726398348,0.01411094872639803,False
DDX11,DIG,-1.2584398773747747,0.560714954474479,-1.8155449703455029,-1.2548300158710237,-1.4469905245244237,-1.863714102520649,True
MRPL34,DIG,1.3617437388780598,0.523561956057013,1.9645809390409725,2.4881428950979854,2.290415479286438,1.916411806865826,True
LDHAL6A,DIG,1.4048794435910783,0.4195388915137848,2.026812606315695,2.44635149782948,2.2652095074603973,1.9786434741405483,True
HLA-F,DIG,-0.9285314623717088,0.5484366246960424,-1.3395877360730415,-0.7911511113769991,-0.9772561802499228,-1.387756868248187,True
LINC02749,NEUTRAL,0.03301944760328332,0.13750352374993502,0.04763699331014981,0.18514051706008483,-0.0005321388649945486,-0.0005321388649942281,False
GCC2,NEUTRAL,0.054237663935504596,0.13750352374993502,0.07824840878915466,0.2157519325390897,0.030079276614009436,0.030079276614009748,False
CSRP1,DCG,-0.8224529321231051,1.3362833878644325,-1.186548766538591,0.14973462132584148,-0.03926917273275504,-1.2347178987137377,True
BZW2,DIG,-1.6794764795042523,0.5728896684205812,-2.4229723882704395,-1.8500827198498584,-2.012391602227744,-2.4711415204455864,True
NDUFS7,NEUTRAL,0.04016507653564077,0.13750352374993502,0.0579459567348946,0.19544948048482963,0.009776824559748572,0.009776824559748253,False
GOLT1B,DIG,-1.2535858615376079,0.5849625007211562,-1.8085421057688256,-1.2235796050476693,-1.4095635212370494,-1.8567112379439734,True
IGLON5,DIG,1.1281709276711223,0.5969351423872323,1.6276066026262295,2.224541745013462,2.0316067727483746,1.5794374704510836,True
DPAGT1,NEUTRAL,-0.030338267571146812,0.13750352374993502,-0.043768868174055967,0.09373465557587905,-0.09193800034919974,-0.09193800034919956,False
DUSP6,DIG,-1.0853378018993958,0.45943161863729726,-1.5658114644895864,-1.106379845852289,-1.2958424248250306,-1.6139805966647325,True
DESI1,NEUTRAL,-0.025731575977776717,0.13750352374993502,-0.03712281705739605,0.10038070669253897,-0.0852919492325398,-0.08529194923253998,False
RAET1E,NEUTRAL,-0.049611247707849304,0.13750352374993502,-0.07157390104042814,0.06592962270950688,-0.11974303321557289,-0.11974303321557307,False
CCDC154,DSG,-0.014196224624169406,1.1210154009613662,-0.02048082286463499,1.1005345780967313,0.9121119953714134,-0.0686499550397812,False
MRPL9P1,DCG,-0.7555233656120154,1.1618876823768942,-1.0899898128441938,0.07189786953270039,-0.11981548092665799,-1.1381589450193288,True
CXCL9,DIG,-1.2991323081904609,0.4724877714627438,-1.8742517384850104,-1.4017639670222666,-1.5875788423062567,-1.9224208706601549,True
NBPF3,NEUTRAL,-0.019558533599105477,0.13750352374993502,-0.028216999430489643,0.10928652431944538,-0.07638613160563541,-0.07638613160563575,False
RP9P,DSG,0.01848988513477043,1.1292830169449666,0.02667526559053986,1.1559582825355064,0.9689193550187544,-0.02149386658460656,False
MICU3,NEUTRAL,-0.02511286703052768,0.13750352374993502,-0.036230208727446235,0.10127331502248879,-0.08439934090259066,-0.08439934090259049,False
S100A5,DCG,-0.9278657964778684,1.3362833878644325,-1.338627383189109,-0.00234399532467644,-0.18414821004637424,-1.38679651536425,True
STK32B,NEUTRAL,0.006316972031194049,0.13750352374993502,0.009113464222837937,0.14661698797277295,-0.03905566795230815,-0.039055667952307985,False
PNPLA7,NEUTRAL,0.04538843390239795,0.13750352374993502,0.06548166850470602,0.20298519225464104,0.0173125363295604,0.017312536329560715,False
OPN1SW,DIG,1.3618380651069124,0.523561956057013,1.9647170230235638,2.488278979080577,2.309990848183297,1.9165478908484175,True
HMMR,DIG,-0.9757649030982023,0.49825086752782544,-1.4077311867732765,-0.909480319245451,-1.086614950782845,-1.455900318948423,True
KRT8P45,DCG,0.7752353067613489,-0.7369655941662062,1.1184281325866323,0.3814625384204261,0.19578988249534549,1.0702590004114871,True
FOXP4,DIG,-1.5389840859062136,0.6205864104518776,-2.220284708743929,-1.5996982982920511,-1.7887790199968439,-2.2684538409190744,True
SLC2A13,DIG,-1.6508409502968773,0.523561956057013,-2.3816600522897287,-1.8580980962327156,-2.0500679925402463,-2.429829184464876,True
EMC10,DIG,0.8328722189274328,0.560714954474479,1.2015806199407943,1.7622955744152735,1.5574410912377654,1.1534114877656483,True
SKA2P1,NEUTRAL,0.02689437735540709,0.13750352374993502,0.038800384838442246,0.17630390858837727,-0.009368747336701663,-0.009368747336701825,False
GRM2,NEUTRAL,0.013286855509199344,0.13750352374993502,0.019168880552130098,0.1566724043020651,-0.02900025162301564,-0.029000251623015966,False
SF3A2,NEUTRAL,-0.009413086201786066,0.13750352374993502,-0.013580212782777086,0.12392331096715793,-0.06174934495792091,-0.06174934495792091,False
KIFC1,DIG,-1.0782287831127189,0.608809242675524,-1.5555553183404611,-0.9467460756649371,-1.1242345105158487,-1.6037244505156076,True
PDXK,DIG,-1.7109679120794428,0.6667565918848036,-2.468404921877156,-1.8016483299923522,-1.991493189792737,-2.516574054052303,True
EMP1,DIG,-0.7995448122733225,0.523561956057013,-1.1534993356352197,-0.6299373795782067,-0.821727446243136,-1.2016684678103666,True
LINC02273,NEUTRAL,-0.053612857168358743,0.13750352374993502,-0.07734700316467948,0.06015652058525554,-0.12551613533982414,-0.1255161353398245,False
MOGS,DIG,-1.0621518845418747,0.4724877714627438,-1.5323612564994296,-1.0598734850366858,-1.2396266351979761,-1.5805303886745752,True
MIER3,NEUTRAL,0.00814853630385003,0.13750352374993502,0.011755852916068121,0.14925937666600314,-0.036413279259077315,-0.036413279259077475,False
ERVW-1,DIG,-0.8380894747302368,0.5109619192773794,-1.2091075290145488,-0.6981456097371693,-0.8869454091589741,-1.2572766611896917,True
TMPRSS6,NEUTRAL,0.045591609080690564,0.13750352374993502,0.06577478832686051,0.20327831207679553,0.01760565615171465,0.01760565615171465,False
SPATA46,DCG,-0.9473481349856578,1.2016338611696507,-1.366734456339217,-0.16510059516956632,-0.3516752992786186,-1.4149035885143602,True
LHPP,NEUTRAL,0.02219444112091014,0.13750352374993502,0.03201981014043914,0.16952333389037416,-0.01614932203470642,-0.016149322034706745,False
PGAP2,NEUTRAL,0.06590937546791639,0.13750352374993502,0.09508712913565168,0.2325906528855867,0.04691799696050641,0.0469179969605061,False
YWHAQP4,NEUTRAL,-0.006356576049129183,0.13750352374993502,-0.009170600743112232,0.12833292300682278,-0.05733973291825759,-0.057339732918257426,False
DNAJC27-AS1,DIG,1.4867275912596547,0.53605290024021,2.1448945230630976,2.6809474233033077,2.493602263773953,2.0967253908879515,True
SHROOM3,DIG,-1.3523596677905698,0.523561956057013,-1.9510425862197012,-1.4274806301626883,-1.6129066065486726,-1.9992117183948461,True
PSME2P3,NEUTRAL,0.004294521663023483,0.13750352374993502,0.006195685106234203,0.1436992088561692,-0.04197344706891064,-0.041973447068910305,False
EN1,NEUTRAL,0.010714189636949558,0.13750352374993502,0.015457308256371052,0.15296083200630606,-0.032711823918773336,-0.0327118239187735,False
ZNF43,DIG,0.6978833728049308,0.49825086752782544,1.0068328810645375,1.505083748592363,1.3218328352615447,0.9586637488893914,True
HSPA8P5,DSG,-0.16192270945698398,1.3854310371935206,-0.23360508994089524,1.1518259472526253,0.9633952602617036,-0.28177422211604136,False
PAAF1,DIG,-1.7284757331272325,0.49825086752782544,-2.4936633684795737,-1.9954125009517483,-2.18385711751682,-2.5418325006547207,True
RERE-AS1,NEUTRAL,-0.05137790622239847,0.13750352374993502,-0.07412265051831249,0.06338087323162253,-0.12229178269345775,-0.1222917826934581,False
CES3,NEUTRAL,0.03587149263600393,0.13750352374993502,0.05175162453524784,0.18925514828518286,0.0035824923601016872,0.003582492360102007,False
ANKRD42,NEUTRAL,-0.03639533390108915,0.13750352374993502,-0.05250736773059929,0.08499615601933573,-0.10067649990574344,-0.10067649990574344,False
ANKRD49,NEUTRAL,-0.053398760353449454,0.13750352374993502,-0.07703812675153972,0.0604653969983953,-0.1252072589266843,-0.12520725892668397,False
FBF1,DSG,0.05847498561989393,1.485426827170242,0.08436157176987442,1.5697883989401165,1.382211055341517,0.03619243959472816,False
KLF15,DIG,0.7381692200885747,0.405992359675837,1.0649530731586605,1.4709454328344975,1.2898982402000747,1.0167839409835138,True
POU5F1B,DCG,-0.861594074126718,1.3146965256562866,-1.243017498001934,0.07167902765435263,-0.10660504298751027,-1.291186630177081,True
NDUFS3,DIG,1.335269795851027,0.49825086752782544,1.9263871127230952,2.4246379802509206,2.239968567963435,1.878217980547948,True
PRL,DIG,1.1415180950240815,0.5109619192773794,1.646862494776259,2.1578244140536382,1.969679577347755,1.5986933626011142,True
APOF,DIG,-0.8468828042856912,0.5109619192773794,-1.2217936219571053,-0.7108317026797258,-0.9069068904521589,-1.269962754132249,True
RPL7P6,DIG,1.5280332662518799,0.5849625007211562,2.204486015534952,2.7894485162561082,2.6119914275746363,2.1563168833598056,True
GRB10,DIG,0.7149947494084625,0.5109619192773794,1.031519379233236,1.5424812985106153,1.3638454282399601,0.9833502470580907,True
TMEM87A,NEUTRAL,-0.01575187360437793,0.13750352374993502,-0.0227251499337458,0.11477837381618922,-0.0708942821088907,-0.07089428210889054,False
ZBED3,NEUTRAL,0.006318985889292806,0.13750352374993502,0.009116369605930067,0.1466198933558651,-0.03905276256921546,-0.03905276256921529,False
CNOT10-AS1,NEUTRAL,0.038465843048513366,0.13750352374993502,0.055494481009703445,0.19299800475963846,0.007325348834558109,0.007325348834558427,False
TMEM170A,NEUTRAL,-0.04239329857291236,0.13750352374993502,-0.06116060161806583,0.07634292213186919,-0.10932973379321101,-0.10932973379321119,False
ULK1,NEUTRAL,-0.01740451469076963,0.13750352374993502,-0.025109407033452453,0.11239411671648257,-0.07327853920859638,-0.07327853920859655,False
MTMR14,DIG,1.0666699816957348,0.523561956057013,1.538879492857558,2.062441448914571,1.866937596180771,1.490710360682413,True
FAM124B,NEUTRAL,0.02459761718492063,0.13750352374993502,0.035486860330370136,0.17299038408030515,-0.012682271844775389,-0.012682271844775711,False
SMPD5,DCG,-0.9563870601849669,1.399171093819823,-1.3797748688992264,0.01939622492059656,-0.16703081253743587,-1.4279440010743734,True
TNFRSF10C,NEUTRAL,-0.03114205074199647,0.13750352374993502,-0.04492848216859077,0.09257504158134425,-0.09309761434373559,-0.09309761434373542,False
NAALADL2-AS2,DSG,0.027131530014912534,1.3785116232537298,0.03914252380424438,1.4176541470579742,1.2343116941550403,-0.009026608370899773,False
SNORA9B,NEUTRAL,-0.010887426037026571,0.13750352374993502,-0.015707235551663614,0.1217962881982714,-0.06387636772680812,-0.06387636772680812,False
KCNIP1-OT1,DIG,-1.670429411467576,0.405992359675837,-2.4099202280793417,-2.0039278684035047,-2.18537788946631,-2.458089360254477,True
VIL1,NEUTRAL,0.022750264723906594,0.13750352374993502,0.03282169409609117,0.1703252178460262,-0.01534743807905298,-0.01534743807905298,False
ANKRD61,DIG,1.1376436142697317,0.523561956057013,1.6412728006059387,2.1648347566629518,1.9883724461079193,1.5931036684307909,True
ZMYND19,NEUTRAL,-0.014845965283710764,0.13750352374993502,-0.021418200492019233,0.11608532325791579,-0.06958733266716312,-0.06958733266716312,False
ARHGAP5,DIG,-0.6705942915892575,0.45943161863729726,-0.9674630589242694,-0.5080314402869721,-0.6986095919327897,-1.0156321910994142,True
AKR1B15,DIG,-0.5936972996018683,0.5728896684205812,-0.8565241499247847,-0.28363448150420345,-0.4644040496083196,-0.9046932820999322,True
SH3GL3,NEUTRAL,-0.008608563843025269,0.13750352374993502,-0.012419532365508593,0.12508399138442644,-0.060588664540653675,-0.06058866454065351,False
MAP3K7,DIG,-1.2370298469731695,0.405992359675837,-1.784656825659825,-1.378664465983988,-1.5697145623610014,-1.8328259578349702,True
STRAP,DIG,-1.1112706574456679,0.4724877714627438,-1.6032246665822831,-1.1307368951195393,-1.3207883410177539,-1.6513937987574276,True
OSGIN1,NEUTRAL,0.018766246437527983,0.13750352374993502,0.0270739706715218,0.1645774944214568,-0.021095161503623314,-0.021095161503623477,False
RAB5B,DIG,-1.4621888015294389,0.5109619192773794,-2.1094925328098983,-1.5985306135325188,-1.7855972081085791,-2.1576616649850453,True
LIMA1,DIG,-1.3542300254336233,0.4462562298895641,-1.953740941916023,-1.507484712026459,-1.7014343076600704,-2.001910074091168,True
ABCA8,DSG,0.0440693770835963,1.2479275134435854,0.06357867177357011,1.3115061852171555,1.126891662443109,0.015409539598425216,False
TMEM126A,NEUTRAL,-0.025578810025718,0.13750352374993502,-0.03690242237594426,0.10060110137399075,-0.08507155455109038,-0.08507155455109004,False
OSBPL5,NEUTRAL,-0.06702943790166199,0.13750352374993502,-0.09670303765430249,0.04080048609563253,-0.14487216982944637,-0.144872169829446,False
RNF183,NEUTRAL,0.017980976371739,0.13750352374993502,0.025941065441849483,0.1634445891917845,-0.0222280667332955,-0.022228066733295335,False
BAZ1A,DIG,0.6329051699505408,0.4462562298895641,0.9130891500406318,1.359345379930196,1.185551189687884,0.8649200178654873,True
ADH5P3,DCG,-0.8997992315769044,1.3854310371935206,-1.2981358891917,0.08729514800182048,-0.09885396271428808,-1.34630502136684,True
DYNC2LI1,DIG,-1.0864958309180632,0.4329594072761063,-1.5674821472120235,-1.1345227399359172,-1.3255169663795623,-1.6156512793871685,True
TBX4,DCG,-0.8319141389633729,1.2172307162206693,-1.20019840272787,0.01703231349279921,-0.16954592566447135,-1.2483675349030132,True
PMF1,DCG,-1.0695142286160246,1.399171093819823,-1.542982873784524,-0.14381177996470096,-0.3312937942325116,-1.591152005959668,True
SPATA20P1,DIG,-1.3845165561334933,0.632268215499513,-1.997435169562457,-1.365166954062944,-1.5465803800887563,-2.0456043017375976,True
PRKAG2-AS1,DIG,0.8813917138251909,0.37851162325372983,1.2715794546162273,1.6500910778699571,1.4750869141931517,1.2234103224410828,True
LINC01927,NEUTRAL,-0.005414406830606762,0.13750352374993502,-0.007811337883871706,0.12969218586606332,-0.05598047005901607,-0.055980470059016234,False
NRDC,NEUTRAL,0.022905335030548396,0.13750352374993502,0.03304541325847243,0.17054893700840745,-0.015123718916671462,-0.01512371891667211,False
PXN-AS1,NEUTRAL,0.018124963672461913,0.13750352374993502,0.026148795206553416,0.16365231895648844,-0.022020336968592482,-0.02202033696859232,False
KCNK3,DIG,1.1281495364376157,0.4329594072761063,1.6275757415997312,2.0605351488758377,1.8814802704872762,1.579406609424584,True
LAPTM4A,DIG,1.5760049403607077,0.560714954474479,2.2736945118748997,2.8344094663493786,2.64678991120748,2.225525379699756,True
NCDN,NEUTRAL,0.019475066773883713,0.13750352374993502,0.028096582255663458,0.1656001060055985,-0.020072549919480917,-0.020072549919480757,False
LINC01634,NEUTRAL,-0.016623984188879302,0.13750352374993502,-0.023983339549112706,0.11352018420082231,-0.07215247172425698,-0.07215247172425732,False
THEM7P,DIG,0.7187527007644637,0.4195388915137848,1.036940957018441,1.4564798485322257,1.2797008164616566,0.9887718248432934,True
PLA2G4B,NEUTRAL,-0.01812349296165507,0.13750352374993502,-0.0261466734193658,0.11135685033056922,-0.07431580559451051,-0.07431580559451034,False
EMCN,NEUTRAL,-0.02501803624721067,0.13750352374993502,-0.036093396826631166,0.10141012692330385,-0.08426252900177651,-0.08426252900177583,False
HDAC9,DIG,0.7802860714967337,0.523561956057013,1.1257148458230688,1.6492768018800819,1.4779269927890442,1.0775457136479234,True
NOCT,NEUTRAL,0.01606109332969677,0.13750352374993502,0.023171259698008338,0.16067478344794336,-0.02499787247713696,-0.02499787247713696,False
JOSD2,DIG,0.5894151854438328,0.4724877714627438,0.8503463650644663,1.32283413652721,1.11919954523986,0.8021772328893213,True
ST8SIA5,NEUTRAL,0.04129205306980727,0.13750352374993502,0.05957184019193486,0.19707536394186986,0.011402708016790336,0.011402708016790336,False
ISCU,NEUTRAL,-0.06961157296574998,0.13750352374993502,-0.10042827110616773,0.03707525264376729,-0.148597403281312,-0.148597403281312,False
TRHR,DCG,-0.9025779139383228,1.0789513413948222,-1.3021446804547239,-0.22319333905990169,-0.4105851337612827,-1.350313812629857,True
ARHGAP35,DIG,1.5882192565468178,0.523561956057013,2.2913160452644505,2.8148780013214636,2.6269242436941185,2.2431469130893045,True
LINC01142,DCG,-1.011649838990571,1.3291235962915664,-1.4595022058278153,-0.1303786095362489,-0.311615967996139,-1.507671338002955,True
C15orf62,NEUTRAL,-0.015394228103654945,0.13750352374993502,-0.022209176543456503,0.11529434720647852,-0.07037830871860268,-0.07037830871860234,False
CES2,NEUTRAL,-0.052783606585520976,0.13750352374993502,-0.07615064746116515,0.06135287628876987,-0.12431977963631048,-0.12431977963631013,False
MAP3K3,DCG,-0.8939244364070407,1.1779177921958432,-1.2896603513338991,-0.11174255913805586,-0.2980086971511278,-1.337829483509044,True
LINC01108,DIG,-0.7037114893422736,0.608809242675524,-1.0152410758906847,-0.40643183321516063,-0.601675087769115,-1.0634102080658219,True
ANKK1,NEUTRAL,-0.03647165490072356,0.13750352374993502,-0.05261747565828753,0.08488604809164749,-0.10078660783343141,-0.10078660783343124,False
ZNF586,DIG,-0.6089290130098014,0.4854268271702419,-0.8784988673226516,-0.3930720401524097,-0.5905340807401446,-0.9266679994977967,True
ALDH1A2,NEUTRAL,-0.05033852791656468,0.13750352374993502,-0.07262314459087851,0.0648803791590565,-0.12079227676602454,-0.12079227676602437,False
CCNY,DIG,-1.2824204151716554,0.5484366246960424,-1.8501415733029127,-1.3017049486068704,-1.4880446110072159,-1.898310705478059,True
GGNBP2,NEUTRAL,-0.03936407264684016,0.13750352374993502,-0.056790352396789194,0.08071317135314582,-0.10495948457193444,-0.10495948457193426,False
PRB2,DIG,-1.1485687547628152,0.4724877714627438,-1.6570344466163254,-1.1845466751535816,-1.3596055602930242,-1.705203578791467,True
CCDC124,DIG,1.1812745930348918,0.53605290024021,1.704218997299567,2.240271897539777,2.0582085197958184,1.6560498651244213,True
EREG,DIG,-1.236533060533979,0.4462562298895641,-1.7839401143276241,-1.33768388443806,-1.5253768365442821,-1.8321092465027697,True
TAF5LP1,NEUTRAL,0.00764471623061467,0.13750352374993502,0.011028994194911153,0.14853251794484618,-0.037140137980232975,-0.03714013798023281,False
CDPF1,NEUTRAL,-0.04089121826565121,0.13750352374993502,-0.0589935578077632,0.07850996594217183,-0.10716268998290751,-0.10716268998290786,False
TRIM54,DIG,-1.4873496167339069,0.3923174227787603,-2.145791916130108,-1.7534744933513475,-1.9329364273369756,-2.1939610483052503,True
SLC37A2,NEUTRAL,0.02695033700484717,0.13750352374993502,0.03888111754717933,0.17638464129711434,-0.009288014627966539,-0.009288014627966539,False
LPCAT2,NEUTRAL,0.043699735407395156,0.13750352374993502,0.06304539156040884,0.20054891531034386,0.014876259385264804,0.014876259385264804,False
PRR12,DIG,-1.3591605595658658,0.5484366246960424,-1.9608541990575432,-1.4124175743615008,-1.608347436332288,-2.0090233312326875,True
PDCL3P2,DCG,-0.9931150296000405,1.3001237245690138,-1.4327621282362746,-0.13263840366726076,-0.317151764694016,-1.480931260411409,True
BRPF3,DIG,1.1058850544845926,0.4724877714627438,1.5954548838981428,2.067942655360887,1.871589997346605,1.5472857517229983,True
RNU6ATAC16P,NEUTRAL,0.03202838996475767,0.13750352374993502,0.04620719936981373,0.18371072311974876,-0.001961932805330864,-0.001961932805331185,False
LGALSL-DT,DIG,-1.470424958267087,0.35049724708413343,-2.1213747952912874,-1.770877548207154,-1.9478532748414004,-2.1695439274664245,True
HDHD2,NEUTRAL,-0.009814447369041412,0.13750352374993502,-0.01415925454838178,0.12334426920155324,-0.062328386723527175,-0.06232838672352701,False
VSTM4,DIG,-0.989402483905042,0.4462562298895641,-1.4274060569730267,-0.9811498270834627,-1.1613987594930633,-1.4755751891481728,True
RNU6-312P,NEUTRAL,-0.0019195844919890344,0.13750352374993502,-0.0027693750271599402,0.1347341487227751,-0.05093850720230457,-0.0509385072023044,False
SPNS2,NEUTRAL,0.039289532149912855,0.13750352374993502,0.05668281319152677,0.19418633694146178,0.008513681016383294,0.008513681016383294,False
LINC00528,NEUTRAL,0.0012972760279114802,0.13750352374993502,0.001871573692132025,0.13937509744206705,-0.0462975584830123,-0.046297558483012466,False
NME8,DIG,-0.8588561359055089,0.5484366246960424,-1.2390674881079353,-0.690630863411893,-0.8719317471991276,-1.2872366202830794,True
PIH1D2,NEUTRAL,0.010115707625691948,0.13750352374993502,0.014593881226668444,0.15209740497660346,-0.0335752509484763,-0.033575250948475806,False
PTRHD1,DIG,1.5319683968502396,0.45943161863729726,2.210163208934456,2.6695948275717534,2.4861043570469077,2.1619940767593087,True
RMND5B,DIG,-0.9270232127095483,0.4724877714627438,-1.3374117917650201,-0.8649240203022763,-1.0373121911522305,-1.3855809239401657,True
ST8SIA6-AS1,DSG,-0.06878831146310756,1.2172307162206693,-0.09924055581895071,1.1179901604017186,0.9284540966224709,-0.14740968799409598,False
ZNF394,DSG,-0.041594781330855916,1.0789513413948222,-0.060008584752886666,1.0189427566419356,0.8413407399552214,-0.10817771692803255,False
NUMB,NEUTRAL,-0.03631413985790468,0.13750352374993502,-0.052390229487147326,0.08511329426278769,-0.10055936166229129,-0.10055936166229129,False
MKRN7P,DCG,-0.7345245578724248,1.0874628412503395,-1.0596949370537057,0.027767904196633886,-0.15929202439516915,-1.1078640692288493,True
LINC00163,DIG,1.3456057358213713,0.6553518286125543,1.941298722061237,2.5966505506737914,2.4023177141441994,1.893129589886091,True
LINC02507,NEUTRAL,0.01023745354295288,0.13750352374993502,0.014769523457749269,0.15227304720768428,-0.033399608717396105,-0.03339960871739594,False
PSMD12,DCG,-0.9066877847037508,1.371558862611963,-1.3080739706267015,0.06348489198526153,-0.12993307666395537,-1.3562431028018467,True
DCDC2C,DIG,0.953893878284853,0.4724877714627438,1.3761779677358978,1.8486657391986416,1.6598080271654625,1.3280088355607507,True
DGKE,DSG,-0.002776168391691283,1.2016338611696507,-0.004005164371365703,1.197628696798285,1.008408803159583,-0.05217429654651077,False
MLNR,NEUTRAL,0.03355468565611538,0.13750352374993502,0.048409178594665696,0.18591270234460072,0.00024004641952130284,0.00024004641952098254,False
BLM,DIG,1.6677414064797609,0.405992359675837,2.406042256613536,2.812034616289373,2.6213636691612985,2.3578731244383904,True
GLYATL1P2,DIG,0.6275955736166124,0.4724877714627438,0.9054290217405512,1.377916793203295,1.2075498055321139,0.8572598895654056,True
ZNF619,NEUTRAL,-0.09561991591163263,0.13750352374993502,-0.13795037849593209,-0.0004468547459970662,-0.18611951067107602,-0.18611951067107638,False
NTAQ1,DCG,-0.7903810540645727,1.185866545311334,-1.1402788271115507,0.045587718199783245,-0.14265556420346737,-1.1884479592866972,True
PCDHA8,NEUTRAL,-0.004583975650896192,0.13750352374993502,-0.006613278939103694,0.13089024481083134,-0.05478241111424723,-0.054782411114247566,False
BRD3OS,NEUTRAL,0.040278837218657874,0.13750352374993502,0.05811007870813152,0.19561360245806653,0.009940946532986364,0.009940946532986683,False
SLC26A11,DSG,0.06543409651229584,1.0874628412503395,0.09440144654333903,1.1818642877936785,0.9960673813919225,0.04623231436819425,False
GPR153,NEUTRAL,-0.0022368465321491175,0.13750352374993502,-0.003227087399161207,0.13427643635077383,-0.05139621957430633,-0.0513962195743065,False
ERV3-1,DSG,0.028874476106306092,1.3504972470841334,0.041657063486834664,1.3921543105709682,1.2108282391908645,-0.006512068688310485,False
ESR2,NEUTRAL,-0.02114497878022808,0.13750352374993502,-0.03050575602593741,0.1069977677239976,-0.07867488820108184,-0.07867488820108201,False
SYT4,NEUTRAL,0.04280267940375932,0.13750352374993502,0.06175121331256375,0.19925473706249877,0.013582081137418767,0.01358208113741845,False
RRAGC,NEUTRAL,0.006852854936975622,0.13750352374993502,0.00988657983350618,0.1473901035834412,-0.03828255234163998,-0.03828255234163981,False
PATE2,NEUTRAL,0.03952893560876486,0.13750352374993502,0.05702819937438423,0.19453172312431924,0.008859067199238596,0.008859067199238596,False
CPNE1,DCG,0.9434197025753351,-0.7369655941662062,1.361066926382377,0.6241013322161707,0.43842867629109034,1.3128977942072315,True
PIGH,NEUTRAL,0.07441579315174965,0.13750352374993502,0.10735929574384812,0.24486281949378313,0.05919016356870231,0.05919016356870231,False
DCAF7,DCG,-0.7177171392971727,1.1937717433966801,-1.0354469576250445,0.15832478577163567,-0.02628053245907229,-1.0836160898001908,True
C8B,NEUTRAL,-0.0085455070047011,0.13750352374993502,-0.012328560577564178,0.12517496317237084,-0.0604976927527088,-0.06049769275270863,False
CEP164,NEUTRAL,0.014324284813981271,0.13750352374993502,0.020665574665411867,0.15816909841534688,-0.027503557509734232,-0.02750355750973407,False
CDKL2,DIG,-0.6511233372147683,0.523561956057013,-0.9393724096068186,-0.4158104535498056,-0.6041730405451534,-0.9875415417819638,True
PRICKLE2-AS3,NEUTRAL,0.0671118031632171,0.13750352374993502,0.09682186560868956,0.23432538935862457,0.04865273343354488,0.04865273343354488,False
NARF-AS1,DSG,0.1121421435100581,1.1618876823768942,0.1617869143166193,1.3236745966935135,1.1342881958064133,0.11361778214147539,False
EMX1,DIG,-0.7126921696297337,0.3923174227787603,-1.0281974588052127,-0.6358800360264525,-0.8162722998802919,-1.0763665909803575,True
SDR39U1,NEUTRAL,-0.019806842339440488,0.13750352374993502,-0.028575233218780347,0.10892829053115467,-0.0767443653939243,-0.07674436539392412,False
USP6,NEUTRAL,-0.021387017914959776,0.13750352374993502,-0.03085494468531589,0.10664857906461914,-0.07902407686045962,-0.07902407686046013,False
CFAP299,NEUTRAL,-0.023965065657915417,0.13750352374993502,-0.034574281379252975,0.10292924237068204,-0.08274341355439696,-0.0827434135543973,False
SHE,DCG,-0.8446016651412184,1.3001237245690138,-1.2185026338257967,0.0816210907432171,-0.1107063586852493,-1.266671766000941,True
C1QL2,NEUTRAL,0.0222404971344793,0.13750352374993502,0.03208625492281849,0.16958977867275352,-0.016082877252326117,-0.016082877252326766,False
MYCBP,NEUTRAL,-0.011765801220556696,0.13750352374993502,-0.01697446307298246,0.12052906067695256,-0.06514359524812796,-0.0651435952481278,False
THBS4,NEUTRAL,0.03641393633437424,0.13750352374993502,0.052534205368848154,0.19003772911878317,0.0043650731937038625,0.004365073193704501,False
ADAMTS13,NEUTRAL,-0.027955397449948575,0.13750352374993502,-0.040331113267120786,0.09717241048281423,-0.08850024544226619,-0.08850024544226635,False
LYST,DCG,0.7751275722365963,-0.7369655941662062,1.1182727045220393,0.3813071103558331,0.19563445443075414,1.070103572346895,True
STYXL2,DCG,0.7857932222005339,-0.7369655941662062,1.1336599848328697,0.39669439066666345,0.21102173474158448,1.0854908526577258,True
FAF1,NEUTRAL,0.008291360153925167,0.13750352374993502,0.011961904176292192,0.14946542792622722,-0.03620722799885374,-0.0362072279988539,False
SEC1P,DIG,-0.9269895716679721,0.5849625007211562,-1.3373632580011678,-0.7524007572800117,-0.9481736622579549,-1.3855323901763144,True
CASP14,DIG,-1.2741035436892703,0.523561956057013,-1.838142864059565,-1.3145809080025521,-1.508868219704045,-1.8863119962347104,True
TELO2,DSG,0.20987144663230173,1.2779847472997656,0.30278049528061446,1.5807652425803802,1.3901468066010796,0.25461136310547006,True
UBA7,NEUTRAL,0.019232107744907044,0.13750352374993502,0.027746066469419618,0.16524959021935465,-0.020423065705725486,-0.020423065705725326,False
ANKUB1,DSG,-0.0107825530454553,-0.7369655941662062,-0.01555593580680055,-0.7525215299730068,-0.9381941858980875,-0.06372506798194656,False
MIR6728,NEUTRAL,-0.005872799796027566,0.13750352374993502,-0.008472659141862685,0.12903086460807234,-0.056641791317007785,-0.05664179131700762,False
LINC02830,DIG,-1.3364241077431707,0.45943161863729726,-1.92805243276553,-1.4686208141282326,-1.6503580430418334,-1.9762215649406685,True
MTMR12,DSG,0.09987780564869106,1.3575520046180838,0.1440932149042383,1.501645219522322,1.3158591598631648,0.09592408272909124,False
PPP5C,DIG,1.1192346437811114,0.53605290024021,1.6147142701741348,2.150767170414345,1.9610925654545883,1.5665451379989876,True
CHRNB1,NEUTRAL,0.015774079473104826,0.13750352374993502,0.022757186230436727,0.16026070998037176,-0.025411945944709385,-0.02541194594470906,False
IPO7,NEUTRAL,0.025992736271505047,0.13750352374993502,0.03749959171803502,0.17500311546797004,-0.010669540457110924,-0.010669540457110117,False
RNA5SP244,DIG,-1.2768946089044992,0.3923174227787603,-1.8421695200043735,-1.4498520972256133,-1.6383444289929128,-1.8903386521795182,True
PRKRA,NEUTRAL,-0.01726103458836423,0.13750352374993502,-0.024902409001245948,0.11260111474868907,-0.07307154117639013,-0.07307154117638996,False
RPS29P11,NEUTRAL,0.028461982835948706,0.13750352374993502,0.041061961491289996,0.178565485241225,-0.007107170683854886,-0.007107170683854886,False
DNAJA2,NEUTRAL,0.01569270046984227,0.13750352374993502,0.02263978114599735,0.16014330489593237,-0.02552935102914834,-0.025529351029148013,False
FAAHP1,NEUTRAL,0.008281487269644802,0.13750352374993502,0.011947660615101639,0.14945118436503665,-0.03622147156004262,-0.03622147156004213,False
AZGP1P2,DIG,1.5201426785834555,0.4854268271702419,2.193102303836017,2.678529131006259,2.4888419248732085,2.1449331716608686,True
PHF10,NEUTRAL,-0.08586060170008637,0.13750352374993502,-0.12387066428045712,0.013632859469477898,-0.17203979645560055,-0.17203979645560055,False
CAPN8,DCG,-0.9026737908141312,1.1538053360790355,-1.3022830015479887,-0.14847766546895325,-0.3321886011348894,-1.3504521337231332,True
ZBTB10,DCG,-0.7807381074727722,1.2705289423807182,-1.126366995884003,0.1441619464967152,-0.04396797917841311,-1.1745361280591475,True
ADAMTS6,NEUTRAL,-0.05166150144143396,0.13750352374993502,-0.07453179193443481,0.06297173181550021,-0.12270092410957853,-0.12270092410957889,False
DIAPH1-AS1,NEUTRAL,-0.030316446798705616,0.13750352374993502,-0.04373738745386668,0.09376613629606834,-0.09190651962901114,-0.09190651962901096,False
BANP,NEUTRAL,-0.0020171736494155887,0.13750352374993502,-0.0029101664206237624,0.13459335732931127,-0.05107929859576764,-0.05107929859576814,False
BCDIN3D-AS1,DIG,-1.7061584497726343,0.5109619192773794,-2.461466334457781,-1.9505044151804016,-2.136592444254042,-2.5096354666329264,True
LEMD2,DIG,1.2661096754438967,0.5484366246960424,1.826610149984445,2.375046774680487,2.187294009003076,1.7784410178092984,True
PRMT9,NEUTRAL,-0.045182819142924366,0.13750352374993502,-0.06518502911087991,0.07231849463905511,-0.11335416128602475,-0.1133541612860251,False
SYCP2L,DIG,-1.3223640119104685,0.6205864104518776,-1.907768002233267,-1.2871815917813896,-1.479361123865827,-1.9559371344084124,True
MTFR2,DIG,1.2371933511082178,0.4462562298895641,1.7848927122646239,2.231148942154188,2.041319640577751,1.7367235800894776,True
SCARNA12,DSG,0.06511385728438182,-0.7369655941662062,0.09393943899732937,-0.6430261551688768,-0.8286988110939567,0.045770306822184546,False
AIDAP2,NEUTRAL,0.03380745595634528,0.13750352374993502,0.048773849053291386,0.1862773728032264,0.0006047168781477065,0.0006047168781477065,False
MAPK9,DIG,-1.4395575886494163,0.405992359675837,-2.0768425942185873,-1.6708502345427503,-1.850085107509992,-2.125011726393733,True
PINX1,NEUTRAL,-0.024998656947326437,0.13750352374993502,-0.036065438406792286,0.10143808534314273,-0.08423457058193781,-0.08423457058193781,False
KIAA0408,DIG,-0.6584950687971807,0.4462562298895641,-0.9500075702035293,-0.5037513403139653,-0.6930478194940844,-0.9981767023786763,True
FSCN2,DSG,-0.0058012920185378115,1.0443941193584534,-0.008369495225893225,1.0360246241325601,0.8484650790220185,-0.05653862740103851,False
GDPD5,DIG,1.7049822201778149,0.45943161863729726,2.4597693938543883,2.9192010124916856,2.751220664236846,2.4116002616792427,True
CAMK4,NEUTRAL,0.012357878508341231,0.13750352374993502,0.017828650039892195,0.15533217378982722,-0.03034048213525215,-0.03034048213525264,False
MAGI1-IT1,NEUTRAL,-0.0759097441832983,0.13750352374993502,-0.10951461148839428,0.027988912261540738,-0.15768374366353874,-0.15768374366353874,False
PLEKHG7,DIG,-1.5670999704499429,0.4329594072761063,-2.2608473559453737,-1.8278879486692674,-2.0136244733029485,-2.3090164881205166,True
ARHGAP28,NEUTRAL,0.049648985795880354,0.13750352374993502,0.07162834559288317,0.2091318693428182,0.02345921341773783,0.023459213417737514,False
NEK11,DIG,0.9312854136977861,0.5849625007211562,1.3435608479940226,1.9285233487151787,1.7410028805382716,1.2953917158188764,True
NMUR2,NEUTRAL,0.02518433158957297,0.13750352374993502,0.03633331029238019,0.1738368340423152,-0.011835821882764636,-0.011835821882764311,False
RSPH3,NEUTRAL,-0.010155508200190814,0.13750352374993502,-0.01465130131812249,0.12285222243181253,-0.06282043349326659,-0.06282043349326676,False
NHP2,DIG,0.6417561035848538,0.5109619192773794,0.9258583481020926,1.4368202673794719,1.256273941276947,0.8776892159269458,True
SEM1,DIG,0.7188846484500631,0.53605290024021,1.0371313172901118,1.5731842175303217,1.3825580785583114,0.9889621851149651,True
CDR2L,DSG,0.009348246953270946,1.3923174227787602,0.013486669520489356,1.4058040922992496,1.2241405113600663,-0.03468246265465589,False
MYH7,DIG,0.7363611865162885,0.523561956057013,1.0623446320901624,1.5859065881471754,1.3879457668183057,1.0141754999150174,True
CFL1P6,NEUTRAL,-0.06820437436940337,0.13750352374993502,-0.09839811266967256,0.039105411080262456,-0.1465672448448165,-0.14656724484481687,False
KCNAB1-AS1,DSG,-0.06811157993425718,1.1043366598147357,-0.09826423859826507,1.0060724212164707,0.8258496657304155,-0.14643337077340823,False
IPO5P1,DIG,-1.5502251731879748,0.49825086752782544,-2.2365021696195257,-1.7382513020917003,-1.9269890098772435,-2.2846713017946723,True
MIR6746,DIG,0.7565842888835704,0.4462562298895641,1.09152040158683,1.537776631476394,1.3645637038581169,1.0433512694116853,True
UCK2,DCG,0.964248538239491,-0.7369655941662062,1.3911165843025457,0.6541509901363395,0.4684783342112595,1.342947452127401,True
TADA1,DCG,-1.0618347964284607,1.3645724322958561,-1.5319037950506824,-0.1673313627548263,-0.3543820718618042,-1.5800729272258272,True
GCATP1,NEUTRAL,0.040460168473924155,0.13750352374993502,0.05837168441086236,0.19587520816079737,0.010202552235717822,0.010202552235717186,False
C7orf57,DIG,-1.4309966938581493,0.523561956057013,-2.0644918337576543,-1.5409298777006413,-1.7252850261856147,-2.112660965932793,True
CCNB2P1,DIG,-1.477542449178424,0.632268215499513,-2.1316431641326457,-1.4993749486331327,-1.6773983071085885,-2.179812296307783,True
SEC24B-AS1,NEUTRAL,0.010362423121279498,0.13750352374993502,0.014949816448663064,0.15245334019859808,-0.03321931572648253,-0.03321931572648253,False
ALOXE3P1,NEUTRAL,-0.08209715126574828,0.13750352374993502,-0.11844115300220613,0.019062370747728888,-0.16661028517735044,-0.1666102851773508,False
EBF1,NEUTRAL,-0.0030811303178134284,0.13750352374993502,-0.004445131429842069,0.13305839232009295,-0.05261426360498747,-0.05261426360498697,False
VMO1,NEUTRAL,0.006848795127204671,0.13750352374993502,0.009880722766082676,0.1473842465160177,-0.038288409409061884,-0.038288409409061884,False
TMEM186,DCG,2.0794415416798357,-3.321928094887362,3.0,-0.3219280948873622,-0.5076007508124417,2.9518308678248557,True
LRRC15,DSG,0.01959455224671548,-0.7369655941662062,0.02826896335477612,-0.7086966308114301,-0.8943692867365103,-0.01990016882036898,False
OAS2,NEUTRAL,-0.0368174059949001,0.13750352374993502,-0.05311628904723797,0.08438723470269704,-0.10128542122238383,-0.10128542122238383,False
EIF3A,NEUTRAL,0.0308786160216399,0.13750352374993502,0.04454842620393438,0.1820519499538694,-0.0036207059712099676,-0.0036207059712096467,False
CCDC186,NEUTRAL,-0.04907279423440311,0.13750352374993502,-0.07079707688453789,0.06670644686539713,-0.11896620905968298,-0.11896620905968315,False
BRPF1,DIG,-1.5365029750707564,0.53605290024021,-2.216705222445719,-1.6806523222055088,-1.8743187522752853,-2.264874354620866,True
EYA2,DCG,-0.8518038817611302,1.2630344058337937,-1.2288932360267515,0.03414116980704218,-0.1554978410040648,-1.2770623682018971,True
SPTB,NEUTRAL,0.07771430008483148,0.13750352374993502,0.11211803533854313,0.24962155908847816,0.06394890316339882,0.06394890316339913,False
UGCG,NEUTRAL,-0.017314608463834893,0.13750352374993502,-0.02497969976570867,0.11252382398422635,-0.07314883194085293,-0.07314883194085327,False
ERVH48-1,DIG,1.3234363178776398,0.7114949066500881,1.9093150127344207,2.620809919384509,2.43183894453176,1.8611458805592742,True
WASF3,NEUTRAL,0.001892742630161207,0.13750352374993502,0.002730650406212707,0.14023417415614772,-0.045438481768931484,-0.045438481768931484,False
RPL7P32,DIG,1.7128488582739534,0.5969351423872323,2.4711185536241556,3.068053696011388,2.884599680376159,2.4229494214490104,True
IGSF10,DSG,0.011944620555470704,1.2479275134435854,0.01723244484067796,1.2651599582842634,1.0788583793058408,-0.03093668733446879,False
GTF2H1,DIG,1.4696816634376821,0.4462562298895641,2.1203024475269867,2.566558677416551,2.3849274821556494,2.072133315351842,True
STK38,DIG,0.6731162341404672,0.53605290024021,0.9711014529363063,1.5071543531765164,1.3232307798686833,0.9229323207611603,True
SSTR5,DSG,0.03439430598498422,1.2479275134435854,0.049620494679354324,1.2975480081229398,1.1164815481674057,0.0014513625042093825,False
KLK1,DIG,1.7100483430805553,0.5109619192773794,2.467078264242706,2.9780401835200854,2.782116090101812,2.4189091320675584,True
ZC2HC1C,NEUTRAL,0.023641781429733263,0.13750352374993502,0.034107880826456966,0.17161140457639198,-0.0140612513486887,-0.014061251348688538,False
DAZAP2P1,NEUTRAL,0.0061500026970151426,0.13750352374993502,0.008872578392437496,0.1463761021423725,-0.039296553782706405,-0.03929655378270607,False
NFIX,DIG,-1.4647580383758325,0.608809242675524,-2.1131991580670597,-1.5043899153915357,-1.6936172163545755,-2.161368290242205,True
LDB3,NEUTRAL,0.013972546462460286,0.13750352374993502,0.020158123489982083,0.1576616472399171,-0.028011008685163014,-0.028011008685163506,False
CHD8,NEUTRAL,0.009788848529598614,0.13750352374993502,0.014122323229665144,0.15162584697960016,-0.03404680894547894,-0.03404680894547911,False
KRBA1,DIG,-1.3152514207783597,0.33628338786443257,-1.897506702279103,-1.5612233144146703,-1.7403651608388706,-1.9456758344542484,True
TMEM229B,NEUTRAL,-0.017737559065588503,0.13750352374993502,-0.02558988850139961,0.11191363524853541,-0.07375902067654516,-0.07375902067654498,False
SNX20,NEUTRAL,0.06556913842187949,0.13750352374993502,0.09459627083660754,0.23209979458654256,0.0464271386614638,0.046427138661464105,False
DNM3OS,DCG,-0.9929283576858198,1.4059923596758368,-1.4324928175913552,-0.02650045791551836,-0.2130860015166689,-1.4806619497665006,True
CYP4X1,NEUTRAL,0.020161413002738264,0.13750352374993502,0.029086770556364758,0.1665902943062998,-0.019082361618780918,-0.019082361618780918,False
GGACT,NEUTRAL,-0.08415203038150969,0.13750352374993502,-0.12140571691214141,0.016097806837793605,-0.16957484908728676,-0.16957484908728676,False
CMSS1,DIG,-0.6011511251752981,0.4854268271702419,-0.8672777471152231,-0.3818509199449812,-0.5627136920856021,-0.9154468792903686,True
RASGRF2-AS1,NEUTRAL,0.012188074582712812,0.13750352374993502,0.017583674758464597,0.1550871985083996,-0.030585457416680745,-0.030585457416680582,False
FAM177B,DCG,0.7964193809462898,-0.7369655941662062,1.1489902913590706,0.4120246971928644,0.226352041267784,1.100821159183925,True
DNAH10OS,NEUTRAL,0.020165302492939668,0.13750352374993502,0.02909238190458991,0.16659590565452492,-0.01907675027055516,-0.01907675027055516,False
FAM78B-AS1,DCG,-1.0420609438049613,1.1538053360790355,-1.5033761559314904,-0.349570819852455,-0.5298997661129108,-1.5515452881066263,True
RNF181,DIG,0.8128293024497583,0.4195388915137848,1.1726648037335017,1.5922036952472864,1.4126749132945657,1.124495671558356,True
PCDHB7,NEUTRAL,-0.08648095186130723,0.13750352374993502,-0.12476564038166511,0.012737883368269906,-0.1729347725568113,-0.17293477255681058,False
TMEM78,DCG,-0.7547988357271742,1.185866545311334,-1.0889445371723576,0.09692200813897633,-0.08614381812088667,-1.1371136693474904,True
TMEM131L,NEUTRAL,0.028037318416149707,0.13750352374993502,0.04044930023880399,0.17795282398873902,-0.00771983193634073,-0.00771983193634073,False
FAM187B,DSG,-0.006396342403849213,1.2705289423807182,-0.009227971465861051,1.2613009709148573,1.0735647105275703,-0.057397103641004664,False
CD2,NEUTRAL,-0.02884858906245663,0.13750352374993502,-0.041619716377049774,0.09588380737288524,-0.08978884855219571,-0.08978884855219571,False
LONRF1,NEUTRAL,-0.026748242601601125,0.13750352374993502,-0.03858955695382485,0.09891396679611017,-0.08675868912896859,-0.08675868912896877,False
ECE1-AS1,NEUTRAL,0.004218192910075721,0.13750352374993502,0.006085565992879229,0.14358908974281426,-0.042083566182265914,-0.04208356618226608,False
TBC1D9B,DIG,0.9331101348743899,0.4724877714627438,1.346193364186514,1.8186811356492578,1.6412561996644595,1.2980242320113677,True
ATF2,NEUTRAL,-0.04446773356426567,0.13750352374993502,-0.0641533786927378,0.07335014505719722,-0.1123225108678834,-0.11232251086788357,False
TMEM147,DSG,0.05808467127848473,-0.7369655941662062,0.08379846720513554,-0.6531671269610707,-0.8388397828861515,0.03562933502998953,False
HSPE1P2,NEUTRAL,-0.034108941189906136,0.13750352374993502,-0.049208800304650885,0.08829472344528413,-0.0973779324797958,-0.09737793247979597,False
BTBD7,NEUTRAL,0.02170546960329725,0.13750352374993502,0.03131437335684308,0.1688178971067781,-0.016854758818301424,-0.016854758818301424,False
C1QB,NEUTRAL,-0.011037389193707068,0.13750352374993502,-0.01592358665412262,0.1215799370958124,-0.06409271882926698,-0.06409271882926648,False
YY1AP1,DCG,-0.9443213764712491,1.3504972470841334,-1.362367766840511,-0.01187051975637754,-0.19597437684281993,-1.4105368990156564,True
ENTPD3-AS1,NEUTRAL,-0.026768052776065126,0.13750352374993502,-0.03861813699428321,0.09888538675565181,-0.08678726916942787,-0.08678726916942754,False
THBD,DSG,-0.11333722411707266,1.3362833878644325,-0.16351105118182174,1.1727723366826108,0.9887702666010053,-0.21168018335696764,False
CHCHD3P1,DSG,-0.014752886019492593,-0.7369655941662062,-0.021283915499122084,-0.7582495096653283,-0.9439221655904044,-0.06945304767426685,False
STAU2-AS1,DCG,-0.9076436366399033,1.399171093819823,-1.3094529734748128,0.08971812034501014,-0.10025751088629027,-1.3576221056499547,True
AMPH,DIG,1.3639953849127926,0.6205864104518776,1.9678293776091187,2.5884157880609964,2.4140334912764336,1.9196602454339717,True
HNRNPUL1,DIG,-0.734382442927988,0.5484366246960424,-1.0594899085281306,-0.5110532838320883,-0.6969663342316297,-1.1076590407032765,True
IL20RA,DIG,1.058743566251195,0.4462562298895641,1.527444092603695,1.973700322493259,1.7857635233235207,1.4792749604285491,True
WDR27,NEUTRAL,0.05537208377535249,0.13750352374993502,0.07988503066638927,0.2173885544163243,0.03171589849124517,0.03171589849124548,False
SNRNP200,NEUTRAL,0.0036541701332571176,0.13750352374993502,0.005271853129814606,0.14277537687974962,-0.04289727904532955,-0.042897279045329056,False
DYNC1LI1,NEUTRAL,-0.003967929133620074,0.13750352374993502,-0.005724511683672521,0.1317790120662625,-0.053893643858816107,-0.053893643858816107,False
NPNT,NEUTRAL,0.054186191314519225,0.13750352374993502,0.07817414949411751,0.21567767324405251,0.030005017318972906,0.03000501731897322,False
CALHM4,DIG,0.8399483595033896,0.4724877714627438,1.2117893328583604,1.6842771043211042,1.492641252423533,1.1636202006832117,True
CTBP2P4,NEUTRAL,0.03937491461187246,0.13750352374993502,0.05680599404597478,0.1943095177959098,0.008636861870830913,0.008636861870830596,False
SNN,DCG,-0.8812409934778634,1.232660756790275,-1.271362011118577,-0.03870125432830207,-0.2228403721631883,-1.3195311432937227,True
SCD,NEUTRAL,0.010316165952088889,0.13750352374993502,0.014883081460066212,0.15238660521000122,-0.033286050715078376,-0.0332860507150787,False
NCSTN,DCG,-1.042495894571747,1.3219280948873624,-1.5040036572457631,-0.18207556235840072,-0.3650784585715998,-1.552172789420908,True
THUMPD3,DIG,-1.2033160315424545,0.4329594072761063,-1.7360180713284867,-1.3030586640523805,-1.4876151054240718,-1.7841872035036332,True
ORMDL2,DIG,-1.059981472970025,0.49825086752782544,-1.5292300144880338,-1.0309791469602083,-1.2277359603886735,-1.5773991466631794,True
PCDHGA4,NEUTRAL,-0.020215777587441468,0.13750352374993502,-0.02916520207311606,0.10833832167681896,-0.07733433424826154,-0.07733433424826121,False
XPNPEP1,NEUTRAL,-0.04474318310087403,0.13750352374993502,-0.06455076837321784,0.07295275537671718,-0.11271990054836188,-0.11271990054836205,False
GHRLOS,DIG,-1.4149896648078044,0.4329594072761063,-2.041398572327356,-1.60843916505125,-1.7932418755990578,-2.0895677045025014,True
XPO1,DIG,1.2275194154580873,0.4854268271702419,1.7709361732763018,2.2563630004465436,2.0801977652291774,1.7227670411011546,True
MIR4271,NEUTRAL,0.04653928274191531,0.13750352374993502,0.06714199241829054,0.20464551616822557,0.01897286024314592,0.01897286024314592,False
IFIT1P1,NEUTRAL,-0.03392861331862576,0.13750352374993502,-0.04894864217902062,0.0885548815709144,-0.09711777435416477,-0.09711777435416494,False
NYAP2,NEUTRAL,0.0024999509921331204,0.13750352374993502,0.003606666898815897,0.1411101906487509,-0.0445624652763285,-0.04456246527632834,False
RPS10-NUDT3,DIG,1.3755381559951312,0.6205864104518776,1.984482076207725,2.6050684866596026,2.424784222072767,1.9363129440325775,True
CLLU1-AS1,DIG,-1.3410015761779885,0.4329594072761063,-1.9346563237762677,-1.5016969165001615,-1.6870289780744487,-1.9828254559514071,True
PFDN1,NEUTRAL,0.06948425920189857,0.13750352374993502,0.10024459617042239,0.2377481199203574,0.0520754639952771,0.0520754639952771,False
LRP11,NEUTRAL,0.013100344120923613,0.13750352374993502,0.018899801497195383,0.1564033252471304,-0.0292693306779496,-0.029269330677949762,False
ARPC4,DIG,0.9811606163164672,0.4724877714627438,1.4155155554753263,1.88800332693807,1.698796129261861,1.3673464233001804,True
NXNL1,DIG,1.3881170020841254,0.5484366246960424,2.0026295150804225,2.5510661397764647,2.3718354986318992,1.954460382905277,True
LUC7L2,DIG,-1.3031551228902718,0.560714954474479,-1.8800554333028427,-1.3193404788283636,-1.5029904676917376,-1.92822456547799,True
ZNF845,DIG,0.8993913150324286,0.5728896684205812,1.2975473900158883,1.8704370584364693,1.681742833781517,1.249378257840741,True
MNS1,NEUTRAL,-0.005853224814681317,0.13750352374993502,-0.008444418413348958,0.12905910533658607,-0.05661355058849311,-0.05661355058849294,False
B4GALT6,NEUTRAL,0.037035903033419,0.13750352374993502,0.053431513641158106,0.19093503739109313,0.0052623814660120935,0.0052623814660120935,False
SPAST,DIG,0.6184647793043794,0.405992359675837,0.8922560700669154,1.2982484297427526,1.1105924795639088,0.8440869378917686,True
KCTD2,DSG,0.03507195292525804,1.1210154009613662,0.05059813255956095,1.1716135335209272,0.980935194041234,0.002429000384413575,False
AXIN2,DSG,-0.015033286358742506,1.4329594072761063,-0.021688447678021517,1.4112709595980848,1.221972764707489,-0.0698575798531661,False
UBE2D4,DIG,1.6540937022612603,0.523561956057013,2.386352781417986,2.909914737474999,2.733345536161946,2.3381836492428394,True
RPS6KL1,NEUTRAL,0.03374061300460867,0.13750352374993502,0.048677415058302594,0.1861809388082376,0.0005082828831579456,0.0005082828831576254,False
PCNX1,NEUTRAL,0.008279760151940447,0.13750352374993502,0.011945168910954533,0.14944869266088956,-0.03622396326418917,-0.03622396326418901,False
CTSL,NEUTRAL,-0.0018940767438760083,0.13750352374993502,-0.0027325751254530326,0.134770948624482,-0.05090170730059719,-0.05090170730059686,False
HNRNPC,NEUTRAL,0.020046358810215575,0.13750352374993502,0.02892078244337879,0.1664243061933138,-0.019248349731765115,-0.01924834973176544,False
TMEM37,NEUTRAL,0.008055355067691082,0.13750352374993502,0.011621420808757704,0.1491249445586927,-0.03654771136638671,-0.03654771136638622,False
GIT2,NEUTRAL,-0.018926249087429573,0.13750352374993502,-0.027304805701063913,0.1101987180488711,-0.07547393787620989,-0.07547393787620972,False
CARS2,NEUTRAL,-0.0037871503450168354,0.13750352374993502,-0.0054637030218567155,0.1320398207280783,-0.05363283519700295,-0.05363283519700212,False
PPHLN1,DIG,0.9001014143600753,0.49825086752782544,1.2985718467944227,1.7968227143222482,1.6007792946471444,1.2504027146192753,True
NNMT,NEUTRAL,-0.01778558121567038,0.13750352374993502,-0.025659169819175556,0.11184435393075946,-0.07382830199432136,-0.07382830199432118,False
PDE6A,NEUTRAL,-0.019362009942656234,0.13750352374993502,-0.02793347572591295,0.10957004802402207,-0.07610260790105823,-0.07610260790105823,False
OLFM1,NEUTRAL,0.025221147456414454,0.13750352374993502,0.03638642436089843,0.17388994811083344,-0.011782707814245223,-0.011782707814245223,False
TNNC1,NEUTRAL,0.0107546811151076,0.13750352374993502,0.015515725111107923,0.15301924886104296,-0.032653407064036126,-0.03265340706403629,False
DNHD1,NEUTRAL,0.000159563814065841,0.13750352374993502,0.00023020192325811747,0.13773372567319314,-0.04793893025188704,-0.04793893025188671,False
DUXAP1,DIG,-0.8275547960322311,0.35049724708413343,-1.1939092002995775,-0.843411953215444,-1.0239457687268585,-1.2420783324747091,True
ELL3,NEUTRAL,0.016525692538300475,0.13750352374993502,0.023841534672261844,0.16134505842219687,-0.02432759750288383,-0.024327597502883668,False
TCF19,DIG,1.5156218806987027,0.5849625007211562,2.1865801711468227,2.7715426718679788,2.590109226562842,2.138411038971676,True
MIR3681HG,NEUTRAL,-0.05207421622763646,0.13750352374993502,-0.07512721350979071,0.06237631024014431,-0.12329634568493616,-0.12329634568493565,False
NECTIN2,DIG,-1.319532625085191,0.49825086752782544,-1.9036831745016012,-1.4054323069737757,-1.5928956882002179,-1.9518523066767475,True
ABCA13,DIG,-1.2278258054704816,0.6438561897747247,-1.771378200627761,-1.1275220108530362,-1.3129796043154525,-1.8195473328029086,True
BEND7,DSG,0.10308689695079137,1.1618876823768942,0.14872295501153832,1.3106106373884325,1.1274918443671855,0.10055382283639332,False
NOP9,NEUTRAL,0.0018984475511577847,0.13750352374993502,0.002738880867443133,0.14024240461737816,-0.045430251307701584,-0.04543025130770192,False
PRR4,DIG,0.7616580998580568,0.5969351423872323,1.0988403635181294,1.6957755059053619,1.52891945080453,1.0506712313429831,True
ABCA6,DSG,0.0508696414783753,1.2630344058337937,0.07338937949265156,1.3364237853264451,1.1610854760585676,0.02522024731750552,False
FAM149B1,NEUTRAL,-0.014957409857769713,0.13750352374993502,-0.02157898102634806,0.11592454272358696,-0.06974811320149295,-0.06974811320149311,False
FAM169A,NEUTRAL,-0.006888997587112845,0.13750352374993502,-0.009938722655623736,0.1275648010943113,-0.058107854830769266,-0.05810785483076943,False
RHNO1,DIG,-1.5751639918378924,0.6438561897747247,-2.272481279611391,-1.628625089836666,-1.8078783296891021,-2.3206504117865365,True
AP1G1,NEUTRAL,-0.013141784932557429,0.13750352374993502,-0.018959587950629905,0.11854393579930511,-0.06712872012577453,-0.06712872012577453,False
PDLIM1P1,DIG,1.6669543439666095,0.35049724708413343,2.404906765428943,2.7554040125130763,2.577747877852312,2.3567376332537977,True
LINC02065,NEUTRAL,-0.0035571909540235216,0.13750352374993502,-0.005131941748864816,0.13237158200107021,-0.0533010739240102,-0.053301073924009866,False
GLB1,NEUTRAL,-0.09201087349331996,0.13750352374993502,-0.13274363089667449,0.004759892853260533,-0.1809127630718197,-0.1809127630718199,False
PDE9A-AS1,DIG,-0.9607059631200254,0.5109619192773794,-1.3860057287457161,-0.8750438094683367,-1.0630416338580344,-1.4341748609208598,True
S100A7,DCG,-0.7705669996377035,1.2479275134435854,-1.1116931890500026,0.13623432439358285,-0.05001681780020436,-1.159862321225147,True
LINC02774,DCG,-0.816950864745799,1.3001237245690138,-1.1786109612187146,0.12151276335029926,-0.06435308901771811,-1.2267800933938522,True
POP1,DCG,-0.9080088570854993,1.3923174227787602,-1.3099798752005054,0.08233754757825484,-0.10334506037861228,-1.3581490073756521,True
TTC13,DCG,-0.738457981245277,1.145677455195635,-1.0653696674474362,0.0803077877481988,-0.10354633917035347,-1.1135387996225818,True
SGSH,DSG,0.05843081433507322,-0.7369655941662062,0.08429784607631388,-0.6526677480898924,-0.8383404040149723,0.03612871390116896,False
FAM187B2P,DSG,0.01705154522868176,1.2249663650002742,0.02460017974091304,1.2495665447411872,1.0684386295019905,-0.023568952434230246,False
UBA52P8,NEUTRAL,0.02029045254367571,0.13750352374993502,0.0292729352621538,0.16677645901208882,-0.018896196912990902,-0.018896196912991065,False
BACE1-AS,NEUTRAL,-0.042443491347609906,0.13750352374993502,-0.06123301448521044,0.07627050926472459,-0.1094021466603558,-0.1094021466603558,False
SCARB1,NEUTRAL,-0.025895297932783175,0.13750352374993502,-0.03735901790996851,0.10014450583996651,-0.08552815008511246,-0.08552815008511229,False
FUZ,DIG,-1.1781976361150002,0.6438561897747247,-1.6997798868102103,-1.0559236970354857,-1.2510946135066372,-1.747949018985356,True
SF3A3P1,DSG,-0.08666046764512704,1.2927817492278462,-0.12502462691274324,1.1677571223151029,0.9801337730540052,-0.17319375908788764,False
CYP2U1-AS1,NEUTRAL,-0.023323654180065583,0.13750352374993502,-0.03364892022098976,0.10385460352894527,-0.08181805239613524,-0.08181805239613524,False
LINC01615,NEUTRAL,0.03384770477001062,0.13750352374993502,0.04883191581716803,0.18633543956710305,0.0006627836420239377,0.0006627836420232974,False
FBXO16,NEUTRAL,0.02363465763556033,0.13750352374993502,0.03409760336393136,0.17160112711386638,-0.014071528811214217,-0.014071528811214378,False
HDDC2,DIG,1.1995171625907626,0.49825086752782544,1.7305374619308935,2.2287883294587187,2.0426469904980245,1.682368329755747,True
ZNF213,DCG,-0.956346134353044,1.2555007331483865,-1.379715825404467,-0.12421509225608052,-0.31307614783146615,-1.4278849575796129,True
TIMD4,NEUTRAL,-0.03734485653954815,0.13750352374993502,-0.05387723933231589,0.08362628441761913,-0.10204637150745983,-0.10204637150746035,False
SNORD18C,NEUTRAL,0.013591862101675813,0.13750352374993502,0.01960891205053434,0.15711243580046935,-0.02856022012461131,-0.02856022012461115,False
DDX50,NEUTRAL,-0.040436303635916854,0.13750352374993502,-0.05833725472741761,0.07916626902251742,-0.10650638690256138,-0.10650638690256138,False
SNORA24,NEUTRAL,-0.002919008045000306,0.13750352374993502,-0.0042112384308369295,0.1332922853190981,-0.05238037060598097,-0.0523803706059808,False
CUL9,DIG,1.0633461943651272,0.5969351423872323,1.5340842813587208,2.131019423745953,1.9425154174480253,1.485915149183575,True
ARHGDIB,DIG,-1.10677847367473,0.5849625007211562,-1.596743815333189,-1.011781314612033,-1.2018280438587647,-1.6449129475083353,True
THAP5,DIG,1.341214839056762,0.4854268271702419,1.9349639970738797,2.4203908242441217,2.2447612757843967,1.8867948648987343,True
ZFP90,NEUTRAL,0.06391324859895274,0.13750352374993502,0.09220732680081262,0.22971085055074764,0.044038194625667285,0.04403819462566697,False
TCF7L2,NEUTRAL,9.687893681023487e-05,0.13750352374993502,0.0001397667617027211,0.13764329051163773,-0.04802936541344184,-0.04802936541344184,False
PRKAA1,DSG,0.06489163018041469,1.2016338611696507,0.09361883305648487,1.2952526942261355,1.111437066300654,0.04544970088133823,False
BATF3,DCG,-1.0895492334945278,1.3854310371935206,-1.5718872759669267,-0.1864562387734061,-0.3664682978895476,-1.6200564081420725,True
ZNF788P,DIG,1.0573474520456079,0.4724877714627438,1.5254299255627797,1.9979176970255235,1.8022365815599324,1.4772607933876336,True
ALG5,NEUTRAL,0.05226924760947771,0.13750352374993502,0.0754085843171908,0.21291210806712582,0.027239452142044495,0.027239452142044495,False
TP63,DSG,0.07377765196538383,1.3854310371935206,0.10643865261889114,1.4918696898124117,1.3083618685696439,0.05826952044374655,False
RFX2,NEUTRAL,0.011743647802672048,0.13750352374993502,0.016942502446861536,0.15444602619679657,-0.03122662972828221,-0.031226629728282048,False
LRRC46,DIG,1.6293051134725482,0.405992359675837,2.3505904073018753,2.7565827669777123,2.567044660462672,2.302421275126731,True
PWWP2B,NEUTRAL,-0.04316216379129379,0.13750352374993502,-0.06226983965573673,0.07523368409419828,-0.11043897183088197,-0.11043897183088144,False
DPH3P1,DCG,-0.957152761445374,1.3854310371935206,-1.380879542310418,0.004551494883102469,-0.17392200606786345,-1.4290486744855613,True
XRCC1,DIG,0.6483529697455086,0.523561956057013,0.9353756141974774,1.4589375702544904,1.2757851619012215,0.8872064820223303,True
PPIAP64,DIG,1.6187985006858787,0.4329594072761063,2.3354325691380065,2.768391976414113,2.590686842644478,2.287263436962861,True
RRAS2P1,NEUTRAL,-0.02708615333931981,0.13750352374993502,-0.039077059099394726,0.0984264646505403,-0.08724619127454092,-0.08724619127454075,False
ARAP2,NEUTRAL,-0.02681917444507872,0.13750352374993502,-0.03869188997265109,0.09881163377728393,-0.08686102214779544,-0.0868610221477956,False
APMAP,DSG,-0.005877263354114775,1.2705289423807182,-0.008479098694979821,1.2620498436857384,1.0805376585902877,-0.05664823087012659,False
STX12,NEUTRAL,-0.014127601827933996,0.13750352374993502,-0.02038182109681423,0.11712170265312079,-0.06855095327195816,-0.06855095327195816,False
C12orf60,DIG,-1.2236929241720556,0.5849625007211562,-1.765415713273939,-1.180453212552783,-1.36466335234567,-1.8135848454490857,True
DHCR7,DSG,0.04468022999577307,1.412781525338476,0.06445994624068012,1.477241471579156,1.2973783593532398,0.01629081406553442,False
SBSPON,DCG,-0.7885632064077431,1.1375035237499351,-1.137656227311951,-0.00015270356201591007,-0.18253622939362324,-1.1858253594870956,True
NBPF22P,NEUTRAL,0.04603119276886033,0.13750352374993502,0.0664089735338387,0.20391249728377372,0.01823984135869445,0.018239841358694133,False
BTBD7P1,DSG,-0.0873171851253061,-0.7369655941662062,-0.12597206996466268,-0.8629376641308689,-1.0486103200559462,-0.17414120213980644,False
LINC01623,DIG,-1.3608297750603686,0.560714954474479,-1.9632623679736374,-1.4025474134991582,-1.585337892150057,-2.0114315001487673,True
LDLRAD3,DIG,-1.4634961547846326,0.49825086752782544,-2.111378644867856,-1.6131277773400308,-1.7948722107349835,-2.159547777043002,True
SLC26A3,DIG,-1.0646416966984902,0.4329594072761063,-1.5359532961505238,-1.1029938888744175,-1.2809628000409028,-1.5841224283256703,True
CD14,NEUTRAL,-0.01501065475722741,0.13750352374993502,-0.021655797178748312,0.11584772657118671,-0.06982492935389463,-0.06982492935389428,False
KANK4,NEUTRAL,-0.009845357245439458,0.13750352374993502,-0.01420384807377573,0.12329967567615929,-0.0623729802489198,-0.06237298024891997,False
RN7SL809P,DIG,0.7807971744108221,0.523561956057013,1.126452211462608,1.650014167519621,1.4629714554689413,1.0782830792874627,True
FADS1,DIG,1.6726337236710163,0.4195388915137848,2.413100378363816,2.8326392698776006,2.6494563157336546,2.3649312461886693,True
GAPDHP46,NEUTRAL,0.007322660113967442,0.13750352374993502,0.01056436543253624,0.14806788918247127,-0.03760476674260911,-0.03760476674260862,False
ADGRA1,NEUTRAL,0.026796142286028987,0.13750352374993502,0.03865866159100907,0.17616218534094408,-0.009510470584135131,-0.009510470584135131,False
FOXO6,NEUTRAL,-0.01092814050023296,0.13750352374993502,-0.015765974105823928,0.1217375496441111,-0.06393510628096977,-0.0639351062809696,False
AOX3P,NEUTRAL,-0.0302687543418692,0.13750352374993502,-0.04366858178290098,0.09383494196703404,-0.09183771395804578,-0.09183771395804562,False
C2CD4D,DCG,-1.03117637020832,1.399171093819823,-1.4876730355814254,-0.08850194176160242,-0.2714900483409489,-1.5358421677565715,True
ASTL,NEUTRAL,0.0012536630823010598,0.13750352374993502,0.0018086535117813113,0.13931217726171632,-0.04636047866336303,-0.04636047866336303,False
ZBTB40-IT1,NEUTRAL,0.002961274013376384,0.13750352374993502,0.004272215333811467,0.1417757390837465,-0.04389691684133313,-0.04389691684133363,False
ADAMTSL2,NEUTRAL,0.007709813659468045,0.13750352374993502,0.01112290993269254,0.14862643368262757,-0.037046222242451035,-0.037046222242451035,False
EFHB,NEUTRAL,0.03459734510381507,0.13750352374993502,0.04991341820919806,0.18741694195913308,0.0017442860340537787,0.0017442860340540988,False
PREX2,DCG,0.8724229903863806,-0.7369655941662062,1.2586403217879512,0.5216747276217449,0.3360020716966652,1.2104711896128066,True
TYW5,NEUTRAL,0.04273645867869114,0.13750352374993502,0.06165567700090381,0.19915920075083882,0.013486544825758768,0.013486544825759086,False
TTC1,NEUTRAL,0.06198630026653832,0.13750352374993502,0.08942732799758907,0.2269308517475241,0.04125819582244403,0.04125819582244372,False
CLCA1,NEUTRAL,0.003364235473982261,0.13750352374993502,0.00485356583469694,0.14235708958463195,-0.04331556634044772,-0.04331556634044805,False
WDFY4,DIG,-0.7825400786399443,0.4724877714627438,-1.1289666907507072,-0.6564789192879634,-0.8385111684941,-1.177135822925852,True
TRPM4,DIG,-1.7035356547984903,0.5849625007211562,-2.457682441155315,-1.872719940434159,-2.0596339294164165,-2.5058515733304607,True
PVALB,NEUTRAL,0.00026992321509498597,0.13750352374993502,0.0003894168838383413,0.13789294063377336,-0.047779715291306396,-0.04777971529130656,False
FFAR1,DSG,0.022912126886482576,1.3362833878644325,0.0330552118353471,1.3693385996997796,1.1865472253324423,-0.01511392033979726,False
LINC02208,NEUTRAL,-0.022029909453463645,0.13750352374993502,-0.031782441119744896,0.10572108263019012,-0.07995157329488897,-0.07995157329488897,False
SDHCP4,DIG,1.0202854936930117,0.45943161863729726,1.4719608220418556,1.931392440679153,1.757863945874843,1.423791689866709,True
MARCKSL1P1,NEUTRAL,0.026504110299737805,0.13750352374993502,0.03823734849260583,0.17574087224254084,-0.009931783682539835,-0.009931783682539674,False
STIM1-AS1,NEUTRAL,-0.043274752881539875,0.13750352374993502,-0.06243227137789296,0.07507125237204207,-0.1106014035530373,-0.11060140355303713,False
GRM3,DIG,0.7828040192791687,0.5849625007211562,1.129347476602005,1.7143099773231611,1.5376894626792308,1.0811783444268603,True
CCNYL1,NEUTRAL,-0.026304264986333536,0.13750352374993502,-0.03794903265001259,0.09955449109992243,-0.08611816482515675,-0.08611816482515708,False
PCDHB8,NEUTRAL,0.02493610032890207,0.13750352374993502,0.03597518828361667,0.1734787120335517,-0.012193943891527136,-0.012193943891526974,False
UBE2G2,DIG,-1.2801952404285397,0.5728896684205812,-1.8469313247359085,-1.2740416563153274,-1.4641225955501944,-1.895100456911055,True
OR7E53P,DIG,-1.4832127050063368,0.49825086752782544,-2.139823614096147,-1.6415727465683216,-1.825571484537946,-2.1879927462712785,True
SSBP2,NEUTRAL,0.02257533704306616,0.13750352374993502,0.032569326798428465,0.1700728505483635,-0.015599805376715408,-0.015599805376714923,False
B4GALT7,DIG,-1.2704304426179578,0.405992359675837,-1.8328436993592987,-1.4268513396834617,-1.6049625114475967,-1.8810128315344439,True
TRIP11,NEUTRAL,-0.05750919726385538,0.13750352374993502,-0.0829682336980693,0.05453529005186572,-0.13113736587321317,-0.1311373658732128,False
MICOS10-NBL1,NEUTRAL,-0.015078667496661181,0.13750352374993502,-0.021753918820646687,0.11574960492928833,-0.06992305099579171,-0.06992305099579188,False
GCSAM,DIG,1.6849445373574354,0.523561956057013,2.430861128218521,2.954423084275534,2.7808600126012974,2.3826919960433735,True
DYNLRB1,DSG,-0.09478895187296968,1.232660756790275,-0.13675155079819598,1.095909205992079,0.9098234116743403,-0.18492068297334094,False
RAVER2,NEUTRAL,-0.02871798198417495,0.13750352374993502,-0.041431290192907796,0.09607223355702722,-0.08960042236805145,-0.08960042236805162,False
NFE2,NEUTRAL,-0.013793862370498552,0.13750352374993502,-0.019900336836623143,0.11760318691331187,-0.06806946901176737,-0.06806946901176737,False
TMC4,DIG,-1.1672571483677194,0.4854268271702419,-1.683996099392302,-1.19856927222206,-1.3922103255228704,-1.7321652315674476,True
HIGD1A,NEUTRAL,-0.023064050182564466,0.13750352374993502,-0.03327439082119995,0.10422913292873506,-0.08144352299634358,-0.08144352299634375,False
MUC12,DIG,1.4354051106312922,0.49825086752782544,2.070851834774439,2.5691027023022643,2.3791579761432167,2.022682702599293,True
XPR1,DCG,-0.9825190548684597,1.371558862611963,-1.4174753680376382,-0.04591650542567516,-0.23273888805291554,-1.4656445002127838,True
IFI16,DCG,-1.0693317352791645,1.412781525338476,-1.5427195915524403,-0.12993806621396442,-0.31130576387939535,-1.590888723727585,True
HYAL2,NEUTRAL,0.01334586536440273,0.13750352374993502,0.0192540137775956,0.15675753752753063,-0.028915118397548473,-0.028915118397548473,False
CC2D1A,DIG,-0.7549683188995348,0.6205864104518776,-1.0891890497046364,-0.4686026392527588,-0.6529596102842692,-1.1373581818797818,True
NCF4-AS1,NEUTRAL,0.053785758563084485,0.13750352374993502,0.07759644714941309,0.21509997089934813,0.029427314974268384,0.0294273149742687,False
NAA38,NEUTRAL,0.019482985254898163,0.13750352374993502,0.02810800620895438,0.1656115299588894,-0.02006112596619038,-0.020061125966190543,False
PKN2-AS1,NEUTRAL,0.03090534940344453,0.13750352374993502,0.04458699432129011,0.18209051807122512,-0.003582137853855055,-0.003582137853854734,False
HPS6,NEUTRAL,0.032505789539411974,0.13750352374993502,0.04689594136869,0.184399465118625,-0.0012731908064545826,-0.0012731908064550635,False
MPP3,NEUTRAL,0.037128584100044784,0.13750352374993502,0.053565224156363424,0.19106874790629844,0.005396091981218062,0.005396091981217425,False
SLC4A3,NEUTRAL,0.03742712749979256,0.13750352374993502,0.05399593123866967,0.19149945498860468,0.005826799063525412,0.005826799063525412,False
HNRNPLL,DIG,-1.3151205552527048,0.3923174227787603,-1.8973179032342173,-1.505000480455457,-1.6921519679575865,-1.9454870354093627,True
ZNF511,NEUTRAL,0.012477402577295564,0.13750352374993502,0.018001086821439482,0.1555046105713745,-0.03016804535370667,-0.030168045353706506,False
LINC01089,NEUTRAL,0.013105110079754921,0.13750352374993502,0.018906677322366394,0.1564102010723014,-0.029262454852779077,-0.029262454852778914,False
TRIM34,NEUTRAL,-0.03395027133418601,0.13750352374993502,-0.04897988809066489,0.08852363565927013,-0.09714902026580995,-0.09714902026581013,False
PHF1,DIG,-1.660446518416875,0.632268215499513,-2.3955179577813706,-1.7632497422818576,-1.9434300258077926,-2.4436870899565157,True
CSTB,DIG,1.360874322081214,0.523561956057013,1.9633266357396975,2.4868885917967103,2.311581073271403,1.9151575035645512,True
SCAF11,DIG,-1.3522793483295705,0.53605290024021,-1.9509267097316307,-1.4148738094914206,-1.6051267300712895,-1.9990958419067772,True
FBXL16,DSG,0.10992161108969517,1.145677455195635,0.15858336320562852,1.3042608184012636,1.1193595227440207,0.11041423103048174,False
RPIA,DIG,1.125025587933279,0.4724877714627438,1.6230688365845318,2.095556608047276,1.9173479845533636,1.5748997044093869,True
ANKRD44,NEUTRAL,0.016656411954072886,0.13750352374993502,0.024030122925144604,0.16153364667507963,-0.024139009249998674,-0.024139009249999,False
CHGA,NEUTRAL,-0.06432351619625847,0.13750352374993502,-0.09279921782888301,0.04470430592105201,-0.14096835000402844,-0.14096835000402863,False
RPL22P16,DIG,-1.2779873491749345,0.53605290024021,-1.8437460109735102,-1.3076931107333003,-1.4766971787959322,-1.8919151431486536,True
PLA2G1B,NEUTRAL,-0.0322279258971601,0.13750352374993502,-0.046495068869969874,0.09100845487996514,-0.09466420104511537,-0.09466420104511504,False
EIF4E2,NEUTRAL,-0.01759006238752441,0.13750352374993502,-0.025377095775408944,0.11212642797452607,-0.07354622795055421,-0.07354622795055388,False
SPATA3,NEUTRAL,0.013990597880616473,0.13750352374993502,0.02018416618143703,0.15768768993137205,-0.027984965993707474,-0.027984965993707474,False
TFB1M,NEUTRAL,0.012779980995432537,0.13750352374993502,0.01843761520476572,0.15594113895470074,-0.029731516970379037,-0.0297315169703792,False
SEPTIN9-DT,DSG,0.006434874565881927,1.4195388915137848,0.009283561624940378,1.4288224531387252,1.2502298406166823,-0.03888557055020439,False
CDC42P6,NEUTRAL,0.02249352757301586,0.13750352374993502,0.032451300681689145,0.16995482443162416,-0.015717831493456173,-0.015717831493456173,False
SLC39A1,DCG,-0.7953863303095641,1.2249663650002742,-1.1474999143284792,0.07746645067179503,-0.11071515031386689,-1.1956690465036235,True
WWP1P1,DIG,-1.6263321628960228,0.45943161863729726,-2.346301346248314,-1.8868697276110167,-2.071189555764269,-2.3944704784234605,True
NRAV,NEUTRAL,-0.014657644608771002,0.13750352374993502,-0.021146511188186775,0.11635701256174824,-0.06931564336333197,-0.06931564336333214,False
SFXN4,NEUTRAL,-0.0015551855744751813,0.13750352374993502,-0.002243658515957398,0.13525986523397762,-0.05041279069110155,-0.05041279069110155,False
PCDHA11,NEUTRAL,-0.0548628625418247,0.13750352374993502,-0.07915037971806337,0.058353144031871654,-0.12731951189320814,-0.1273195118932083,False
CCDC158,DIG,-1.296215043478769,0.523561956057013,-1.870043015152492,-1.346481059095479,-1.5358498323551142,-1.9182121473276383,True
HBB,NEUTRAL,-0.012210203407345658,0.13750352374993502,-0.017615599904023106,0.11988792384591192,-0.06578473207916775,-0.06578473207916809,False
KRT18P63,NEUTRAL,-0.0006466696228028706,0.13750352374993502,-0.0009329470579112379,0.13657057669202377,-0.04910207923305634,-0.049102079233056505,False
RPS13P2,NEUTRAL,0.01301836721141287,0.13750352374993502,0.01878153381637683,0.15628505756631184,-0.029387598358769074,-0.029387598358768748,False
CX3CR1,NEUTRAL,-0.02798420724121568,0.13750352374993502,-0.04037267701011088,0.09713084673982414,-0.0885418091852568,-0.08854180918525645,False
OSBPL1A,NEUTRAL,-0.05067253856597105,0.13750352374993502,-0.07310502009838118,0.06439850365155383,-0.12127415227352578,-0.1212741522735256,False
NUDT3,DIG,0.7183485570049128,0.560714954474479,1.0363579008207306,1.5970728552952096,1.4104629149016912,0.9881887686455836,True
NBN,DCG,-0.9789300929225232,1.371558862611963,-1.4122975904362964,-0.04073872782433341,-0.22867990444573608,-1.4604667226114416,True
GNA11,NEUTRAL,-0.03539213654406996,0.13750352374993502,-0.05106005987859479,0.08644346387134022,-0.09922919205374009,-0.09922919205374026,False
MIR6834,DIG,-0.7586227176229483,0.4724877714627438,-1.094461232620336,-0.6219734611575922,-0.810400909643683,-1.142630364795478,True
FOCAD-AS1,DIG,-1.5905380327939749,0.3923174227787603,-2.294661332257155,-1.902343909478395,-2.0881582273562374,-2.3428304644322706,True
PSIP1,DIG,0.8691051079512951,0.405992359675837,1.2538536292526008,1.6598459889284378,1.4646439409385628,1.2056844970774554,True
HNRNPUL2-BSCL2,DIG,1.6401311896179471,0.3645724322958561,2.3662091336691287,2.7307815659649846,2.5459844597477774,2.3180400014939826,True
NCOA4P4,NEUTRAL,0.06520507595389774,0.13750352374993502,0.09407103971947647,0.2315745634694115,0.04590190754433164,0.045901907544331946,False
FAM114A2,NEUTRAL,-0.011080704672880906,0.13750352374993502,-0.015986077681120446,0.12151744606881457,-0.06415520985626591,-0.06415520985626608,False
POLR2J4,DIG,-0.892752791551956,0.632268215499513,-1.2879700251117854,-0.6557018096122724,-0.8437634707836518,-1.336139157286932,True
RPL27P6,DIG,1.4427810722734384,0.4462562298895641,2.0814930980573507,2.527749327946915,2.345773670592591,2.033323965882205,True
SORBS3,NEUTRAL,-0.004755009238173324,0.13750352374993502,-0.006860028247293862,0.13064349550264115,-0.05502916042243965,-0.055029160422439986,False
TULP1,DIG,-1.6261253320315185,0.49825086752782544,-2.346002952385791,-1.8477520848579656,-2.0350667975011247,-2.3941720845609322,True
MIR4321,NEUTRAL,0.023244229780056858,0.13750352374993502,0.03353433503297159,0.17103785878290662,-0.014634797142172654,-0.014634797142172815,False
RPL35AP16,NEUTRAL,-0.005393860396255473,0.13750352374993502,-0.0077816956449251505,0.12972182810500987,-0.055950827820069236,-0.055950827820069236,False
CRLS1,DSG,-0.08000516595892289,-0.7369655941662062,-0.11542305617443656,-0.8523886503406428,-1.0380613062657231,-0.16359218834958186,False
SLC36A2,NEUTRAL,-0.017676938922454883,0.13750352374993502,-0.025502432121522756,0.11200109162841226,-0.07367156429666794,-0.0736715642966681,False
TRIM29,NEUTRAL,0.022482513556261543,0.13750352374993502,0.03243541081433742,0.16993893456427245,-0.015733721360808275,-0.015733721360808597,False
ANTXR2,NEUTRAL,-0.026107499218749133,0.13750352374993502,-0.03766515965290186,0.09983836409703316,-0.08583429182804725,-0.08583429182804725,False
DLL4,NEUTRAL,0.004516349354594912,0.13750352374993502,0.00651571481679615,0.14401923856673116,-0.04165341735834749,-0.04165341735834749,False
ZCCHC14,NEUTRAL,-0.013583593994869239,0.13750352374993502,-0.019596983693846954,0.11790654005608807,-0.06776611586899259,-0.06776611586899275,False
NSA2P4,NEUTRAL,0.03228301136775518,0.13750352374993502,0.04657454040522243,0.18407806415515746,-0.0015945917699226148,-0.0015945917699222941,False
SLC4A9,NEUTRAL,-0.020836353678943376,0.13750352374993502,-0.030060504122820117,0.1074430196271149,-0.07822963629796444,-0.07822963629796444,False
STX18-AS1,NEUTRAL,0.012652048623719278,0.13750352374993502,0.018253047806525837,0.15575657155646086,-0.02991608436861876,-0.029916084368619086,False
RHOT2,DSG,-0.058369158840434435,-3.321928094887362,-0.08420889599995496,-3.406136990887317,-3.591809646812398,-0.1323780281751009,False
E2F2,NEUTRAL,-0.004115767185440793,0.13750352374993502,-0.005937796907888959,0.13156572684204607,-0.05410692908303415,-0.05410692908303448,False
SNORA17B,NEUTRAL,-0.05412303384765493,0.13750352374993502,-0.07808303252987729,0.05942049122005773,-0.12625216470502074,-0.12625216470502074,False
HSPE1-MOB4,NEUTRAL,-0.030103374711961083,0.13750352374993502,-0.043429989410968484,0.09407353433896654,-0.09159912158611383,-0.09159912158611401,False
ADAMTS8,NEUTRAL,0.029211141182124735,0.13750352374993502,0.04214276852215873,0.17964629227209375,-0.006026363652987234,-0.006026363652987555,False
TIGAR,DSG,-0.13340692549789943,1.4329594072761063,-0.19246550983606292,1.2404938974400435,1.0505705377577241,-0.24063464201120852,False
FURIN,NEUTRAL,-0.041628920265267676,0.13750352374993502,-0.060057836824263744,0.07744568692567128,-0.10822696899940847,-0.10822696899940847,False
IFT57,DIG,-0.6322108023468231,0.4462562298895641,-0.9120873893421944,-0.46583115945263026,-0.6458642925775764,-0.9602565215173393,True
GVINP2,NEUTRAL,-0.00113908791439956,0.13750352374993502,-0.0016433564852407973,0.13586016726469421,-0.04981248866038531,-0.04981248866038498,False
DLGAP1-AS1,NEUTRAL,-0.04929741446664783,0.13750352374993502,-0.07112113537968066,0.06638238837025436,-0.11929026755482659,-0.11929026755482659,False
ZNF366,NEUTRAL,-0.04393362477130456,0.13750352374993502,-0.0633828225858376,0.07412070116409741,-0.11155195476098168,-0.11155195476098186,False
CACYBP,DCG,-0.8609399168862992,1.2705289423807182,-1.2420737485952202,0.02845519378549799,-0.15990810263904273,-1.2902428807703648,True
UBASH3A,DIG,0.9237648202126092,0.5484366246960424,1.3327109250684162,1.8811475497644585,1.6905440912732201,1.28454179289327,True
TULP3,DIG,-0.8275945342366096,0.5969351423872323,-1.193966530409968,-0.5970313880227357,-0.7737903618435406,-1.2421356625851148,True
RPS3AP53,DIG,1.190632247372405,0.4329594072761063,1.7177192388066502,2.1506786460827567,1.974205796874724,1.669550106631504,True
HYOU1,NEUTRAL,0.0402144931133612,0.13750352374993502,0.05801724978650957,0.1955207735364446,0.009848117611364265,0.009848117611363628,False
HADH,NEUTRAL,-0.009164371592669385,0.13750352374993502,-0.013221393449607814,0.1242821303003272,-0.061390525624753244,-0.06139052562475308,False
WBP11P2,NEUTRAL,0.010399964595939837,0.13750352374993502,0.015003977347983194,0.15250750109791822,-0.03316515482716156,-0.03316515482716156,False
MTDHP4,DIG,-1.138206850192634,0.45943161863729726,-1.64208537827876,-1.1826537596414628,-1.3674517295803421,-1.6902545104538889,True
FCHO1,DIG,-0.8367045314211062,0.53605290024021,-1.2071094781705538,-0.6710565779303438,-0.8538517966118984,-1.2552786103456985,True
PITX3,NEUTRAL,-0.060617268221075715,0.13750352374993502,-0.08745223225478209,0.05005129149515293,-0.13562136442992706,-0.13562136442992725,False
SH2D1B,DCG,-0.8075070081689021,1.185866545311334,-1.1649863561683587,0.02088018914297529,-0.15788390619900639,-1.2131554883435043,True
COLEC12,NEUTRAL,-0.03930840789294236,0.13750352374993502,-0.05671004513238853,0.08079347861754649,-0.1048791773075338,-0.1048791773075338,False
TPI1P2,DIG,-1.087885218847173,0.5728896684205812,-1.5694866102872211,-0.9965969418666399,-1.1828851073323332,-1.617655742462367,True
STMN4,NEUTRAL,-0.05561324794924286,0.13750352374993502,-0.08023295702410099,0.05727056672583403,-0.1284020891992456,-0.1284020891992456,False
TRAT1,DIG,-0.5803116137937756,0.4462562298895641,-0.8372126873905514,-0.39095645750098734,-0.5610447489125251,-0.8853818195656963,True
PPP4R1-AS1,NEUTRAL,-0.03359146418435922,0.13750352374993502,-0.04846223879497427,0.08904128495496075,-0.0966313709701185,-0.09663137097011815,False
LYPD5,DIG,1.1927670237544827,0.560714954474479,1.7207990701064806,2.2815140245809595,2.094574808482318,1.6726299379313343,True
FAM153CP,DIG,-1.0845253919794453,0.5109619192773794,-1.564639404726905,-1.0536774854495254,-1.2364711382201086,-1.6128085369020482,True
TMEM89,NEUTRAL,0.0025801855478731063,0.13750352374993502,0.0037224208944899037,0.14122594464442492,-0.04444671128065469,-0.044446711280654354,False
KDF1,NEUTRAL,-0.04783573036218169,0.13750352374993502,-0.06901237097082114,0.06849115277911388,-0.11718150314596709,-0.11718150314596709,False
ARHGAP30,DCG,-0.8130932290389702,1.0959244199985356,-1.1730455693149164,-0.07712114931638081,-0.26382452725126154,-1.2212147014900607,True
SHANK1,DIG,-1.0423781218712493,0.560714954474479,-1.5038337471548031,-0.9431187926803241,-1.132475546099,-1.552002879329948,True
KRT8P9,NEUTRAL,-0.035188042392294984,0.13750352374993502,-0.05076561425795459,0.08673790949198043,-0.09893474643309898,-0.09893474643309914,False
RNA5SP155,NEUTRAL,-0.022600175757640718,0.13750352374993502,-0.032605161488767236,0.10489836226116778,-0.08077429366391181,-0.08077429366391214,False
WDR82,NEUTRAL,-0.06448376154600798,0.13750352374993502,-0.09303040300029214,0.04447312074964288,-0.14119953517543649,-0.14119953517543649,False
STIMATE-MUSTN1,NEUTRAL,-0.009535400306592714,0.13750352374993502,-0.01375667473521241,0.1237468490147226,-0.061925806910357914,-0.06192580691035741,False
NKAPD1,NEUTRAL,-0.0546189719201399,0.13750352374993502,-0.07879851992763938,0.05870500382229564,-0.12696765210278504,-0.12696765210278488,False
TAFA2,DIG,0.7263577738346813,0.523561956057013,1.047912758222442,1.571474714279455,1.382376853126085,0.999743626047296,True
KDM4E,NEUTRAL,0.008480961468561062,0.13750352374993502,0.012235441052663425,0.14973896480259843,-0.03593369112248113,-0.0359336911224808,False
CTU1,DIG,-1.4108628318367382,0.5728896684205812,-2.035444810865422,-1.4625551424448409,-1.6513821868037855,-2.0836139430405676,True
NR2C2,DIG,-1.296981455154323,0.49825086752782544,-1.8711487134760936,-1.3728978459482681,-1.5504919819254033,-1.9193178456512405,True
TXNDC5,DIG,-0.8658217232473199,0.53605290024021,-1.249116706422845,-0.713063806182635,-0.9026575386841479,-1.2972858385979917,True
FUBP3,NEUTRAL,0.020897090811961682,0.13750352374993502,0.030148129283423444,0.16765165303335847,-0.018021002891721156,-0.018021002891720993,False
TPRG1-AS1,DSG,-0.16179818124525516,-3.321928094887362,-0.23342543370738333,-3.5553535285947455,-3.7410261845198214,-0.28159456588252746,False
FBXL5,NEUTRAL,0.01614070854827838,0.13750352374993502,0.02328612017903532,0.16078964392897033,-0.024883011996110743,-0.02488301199611058,False
EIF2B2,NEUTRAL,0.03516484112295064,0.13750352374993502,0.05073214190172917,0.1882356656516642,0.0025630097265844577,0.0025630097265841377,False
MTND5P1,DIG,-1.2582420237128726,0.5484366246960424,-1.815259527848655,-1.2668229031526126,-1.451705919204115,-1.863428660023797,True
ZMYM6,NEUTRAL,0.071982269721718,0.13750352374993502,0.10384846355945435,0.24135198730938937,0.055679331384307924,0.055679331384307924,False
RPS10P9,DIG,1.0337998210690431,0.37851162325372983,1.4914578751282064,1.8699694983819362,1.6859725553246852,1.443288742953058,True
PPP1CB,DIG,-1.5835656937846276,0.45943161863729726,-2.284602373344973,-1.8251707547076759,-2.007991386181565,-2.3327715055201197,True
FAM111A-DT,DIG,1.1457461911690303,0.5484366246960424,1.6529623481169784,2.2013989728130205,2.020531102591705,1.604793215941831,True
TPCN2,DCG,-0.9052062469756244,1.20945336562895,-1.3059365634934434,-0.09648319786449355,-0.28459925622796334,-1.354105695668588,True
PDK4,DIG,1.6321410506922422,0.5849625007211562,2.3546817998650003,2.9396443005861563,2.757071809972194,2.3065126676898533,True
RPL39P3,DIG,0.616887281460881,0.4329594072761063,0.8899802217510873,1.3229396290271935,1.1322056653164079,0.8418110895759418,True
TRIQK,DCG,-0.708869467574366,1.1699250014423124,-1.0226824655071376,0.14724253593517478,-0.039994774866400316,-1.070851597682284,True
MORC3,DIG,1.1829487447560878,0.6438561897747247,1.7066342876854321,2.350490477460157,2.178470575504769,1.6584651555102852,True
MRAP2,NEUTRAL,0.020208757429613994,0.13750352374993502,0.029155074126232108,0.16665859787616713,-0.019014058048912163,-0.019014058048912163,False
DENND5A,NEUTRAL,-0.016257856615293092,0.13750352374993502,-0.023455129114367174,0.11404839463556785,-0.07162426128951319,-0.07162426128951335,False
INHA,NEUTRAL,-0.02629199767846652,0.13750352374993502,-0.03793133466578779,0.09957218908414722,-0.08610046684093259,-0.08610046684093242,False
ITGA9-AS1,NEUTRAL,0.016452458892564147,0.13750352374993502,0.023735880854731824,0.16123940460466685,-0.024433251320413265,-0.024433251320413265,False
TTC28-AS1,NEUTRAL,0.037846444253008156,0.13750352374993502,0.054600877439095474,0.1921044011890305,0.006431745263949952,0.006431745263949952,False
CHST8,DSG,0.06206328946000284,1.232660756790275,0.08953839992520238,1.3221991567154774,1.135184034187733,0.04136926775005714,False
DCLK2,NEUTRAL,0.04435862554808385,0.13750352374993502,0.06399596909887105,0.20149949284880608,0.015826836923725905,0.01582683692372559,False
C11orf68,DIG,0.7662345715424899,0.4462562298895641,1.1054428165220298,1.5516990464115938,1.3724124151512898,1.0572736843468846,True
LINC02157,DIG,1.029050720353826,0.5484366246960424,1.4846063710776802,2.0330429957737226,1.8413788920280887,1.4364372389025317,True
ACSS2,DCG,-0.9436777973852915,1.0789513413948222,-1.36143927848478,-0.2824879370899578,-0.47156295434058315,-1.4096084106599254,True
SLC4A11,DSG,-0.13658950042524515,-0.7369655941662062,-0.19705699490100215,-0.9340225890672084,-1.119695244992289,-0.24522612707614758,False
NLK,DIG,-1.3401185602626133,0.5109619192773794,-1.9333824010941296,-1.4224204818167503,-1.5952111882179958,-1.9815515332692764,True
SNRNP70,DIG,0.9166345035534961,0.560714954474479,1.3224240525843458,1.883139007058825,1.6887277402503944,1.2742549204091993,True
GLYAT,DIG,1.3867221433903412,0.523561956057013,2.0006171593601594,2.5241791154171724,2.3432865214170855,1.9524480271850118,True
MAILR,DCG,0.696284223333707,-0.7369655941662062,1.0045257960527625,0.26756020188655627,0.08188754596147592,0.956356663877617,True
LYPLA2,NEUTRAL,-0.0029829733783232875,0.13750352374993502,-0.0043035209000108045,0.13320000284992423,-0.052472653075155105,-0.05247265307515494,False
ISCA2P1,NEUTRAL,0.029901868116561005,0.13750352374993502,0.04313927684507837,0.1806428005950134,-0.005029855330067037,-0.005029855330066876,False
RPL35AP7,DCG,-0.9539967415981497,1.185866545311334,-1.3763263681278806,-0.1904598228165466,-0.37341888677119245,-1.4244955003030166,True
PFN2,DSG,0.10394540055777764,1.2016338611696507,0.1499615139079227,1.3515953750775733,1.1714317570443822,0.10179238173277806,False
SLC45A1,NEUTRAL,0.029018059975593757,0.13750352374993502,0.04186421122300763,0.17936773497294264,-0.006304920952137791,-0.006304920952138113,False
ZFP69B,NEUTRAL,-0.0066333005251683775,0.13750352374993502,-0.009569829772386575,0.12793369397754845,-0.057738961947531184,-0.05773896194753102,False
C3AR1,DIG,-0.9339275328655792,0.4854268271702419,-1.3473726202148355,-0.8619457930445936,-1.0472860755682727,-1.3955417523899822,True
ZNF292,NEUTRAL,0.021869584244964244,0.13750352374993502,0.03155114073651332,0.16905466448644835,-0.016617991438631997,-0.016617991438631834,False
GABRP,DIG,0.9871836990188503,0.523561956057013,1.4242050270209183,1.9477669830779312,1.768984257862922,1.3760358948457714,True
UGT1A9,NEUTRAL,-0.04289518736133548,0.13750352374993502,-0.06188467408420163,0.07561884966573339,-0.11005380625934577,-0.11005380625934577,False
ZNF616,DIG,-1.3452083073964727,0.5849625007211562,-1.9407253540435274,-1.3557628533223713,-1.5459373164945178,-1.9888944862186728,True
PAX2,NEUTRAL,0.013487874543605576,0.13750352374993502,0.019458889716192255,0.15696241346612727,-0.028710242458953154,-0.0287102424589525,False
TNFRSF10D,NEUTRAL,0.025799309847673785,0.13750352374993502,0.03722053637559677,0.1747240601255318,-0.0109485957995479,-0.0109485957995479,False
CCDC62,NEUTRAL,0.026984944754619166,0.13750352374993502,0.03893104597615172,0.17643456972608673,-0.009238086198993143,-0.00923808619899282,False
RIN3,NEUTRAL,-0.013765085782807985,0.13750352374993502,-0.019858820996268255,0.11764470275366676,-0.0680279531714123,-0.06802795317141265,False
PSAPL1,NEUTRAL,0.05055705694676679,0.13750352374993502,0.07293841533904137,0.2104419390889764,0.0247692831638967,0.0247692831638967,False
PPIAP77,DSG,-0.05734851763503073,1.1210154009613662,-0.0827364219943921,1.0382789789669742,0.8556149178680823,-0.13090555416953664,False
GRM3-AS1,DIG,-1.049916260210923,0.5728896684205812,-1.5147089819549853,-0.9418193135344041,-1.1232063219255044,-1.5628781141301267,True
ATG13,DIG,-0.9489626235492465,0.560714954474479,-1.3690636709834783,-0.8083487165089992,-0.987900116390139,-1.4172328031586243,True
LINC01914,DIG,-0.6171155096057983,0.45943161863729726,-0.8903094853639507,-0.43087786672665346,-0.6215714758767757,-0.9384786175390968,True
GRAMD1A,DSG,0.05688843999977813,1.1292830169449666,0.08207267027158925,1.2113556872165558,1.0323518320080802,0.03390353809644283,False
LRRTM1,DIG,-1.3056165550810346,0.4195388915137848,-1.8836065293179407,-1.464067637804156,-1.6543582635673086,-1.9317756614930819,True
SPINK13,NEUTRAL,-0.03564913128548287,0.13750352374993502,-0.05143082491756573,0.08607269883236929,-0.09959995709271069,-0.09959995709271069,False
MDP1,NEUTRAL,-0.033885392178848985,0.13750352374993502,-0.0488862872550031,0.08861723649493192,-0.09705541943014817,-0.09705541943014799,False
LMX1A,DCG,-0.9588883337037964,1.3923174227787602,-1.3833834438007486,0.008933978978011625,-0.17023328485074263,-1.431552575975892,True
FRAS1,NEUTRAL,-0.021063797987398658,0.13750352374993502,-0.030388636898706974,0.10711488685122805,-0.07855776907385201,-0.07855776907385167,False
TTC39A,NEUTRAL,-0.01186213475440787,0.13750352374993502,-0.017113442984540855,0.12039008076539416,-0.06528257515968527,-0.06528257515968527,False
C1D,DIG,-0.7714688057990441,0.4724877714627438,-1.1129942203268117,-0.6405064488640679,-0.8180730744051846,-1.1611633525019573,True
CACNA2D3-AS1,NEUTRAL,0.007296510644719891,0.13750352374993502,0.01052663972293092,0.14803016347286593,-0.037642492452214335,-0.03764249245221467,False
RBM43,NEUTRAL,-0.027604071347090926,0.13750352374993502,-0.03982425684079321,0.0976792669091418,-0.08799338901593681,-0.08799338901593698,False
LINC02766,NEUTRAL,-0.02614967447876541,0.13750352374993502,-0.03772600569137555,0.09977751805855947,-0.08589513786652032,-0.08589513786652032,False
FLVCR2,NEUTRAL,0.01843835060673557,0.13750352374993502,0.026600916982509416,0.16410444073244443,-0.021568215192634316,-0.021568215192634316,False
PAFAH1B2,NEUTRAL,-0.01055134245907678,0.13750352374993502,-0.015222369440431231,0.12228115430950379,-0.06339150161557736,-0.06339150161557686,False
RPL37P6,DCG,-0.9155232727115533,1.3362833878644325,-1.3208208853593921,0.015462502505040332,-0.17506871992578407,-1.3689900175345373,True
OVCH1,DIG,-1.5418668504450441,0.5728896684205812,-2.22444365884815,-1.6515539904275691,-1.8459252398482422,-2.2726127910232923,True
FAM170A,NEUTRAL,-0.023440398376845032,0.13750352374993502,-0.033817346494736035,0.10368617725519899,-0.08198647866988086,-0.08198647866988086,False
ARF6,DIG,1.3117544155138134,0.3645724322958561,1.8924615901259794,2.2570340224218355,2.084964335660226,1.8442924579508349,True
ZC3H14,NEUTRAL,-0.06729044738412336,0.13750352374993502,-0.0970795947402745,0.04042392900966052,-0.1452487269154177,-0.1452487269154179,False
FRY,NEUTRAL,0.03607318977793296,0.13750352374993502,0.05204261200167033,0.18954613575160534,0.0038734798265266466,0.0038734798265266466,False
MIR1292,DSG,-0.021592235585499126,1.371558862611963,-0.031151011200905795,1.3404078514110573,1.153209846637408,-0.07932014337604938,False
FAXDC2,NEUTRAL,0.010667585737787257,0.13750352374993502,0.015390073042163511,0.15289359679209852,-0.032779059132981826,-0.032779059132981986,False
SHB,NEUTRAL,0.02724720363571345,0.13750352374993502,0.03930940556333553,0.17681292931327056,-0.008859726611808947,-0.008859726611809109,False
ARIH1,NEUTRAL,0.03976810809447391,0.13750352374993502,0.05737325233343376,0.19487677608336879,0.00920412015828937,0.00920412015828937,False
XCL1,DCG,-0.9043477310590199,1.2016338611696507,-1.304697986838034,-0.1030641256683833,-0.29008879042819263,-1.3528671190131778,True
LINC02245,DIG,1.3047669599674254,0.405992359675837,1.8823808226607734,2.2883731823366107,2.1164940293504446,1.834211690485624,True
CHCHD4P3,NEUTRAL,-0.006620565007499755,0.13750352374993502,-0.0095514563042029,0.12795206744573212,-0.05772058847934825,-0.05772058847934842,False
USP39,DIG,1.3127057590613875,0.49825086752782544,1.8938340887442462,2.392084956272072,2.2086214415431966,1.8456649565690997,True
ARHGEF19,NEUTRAL,-0.040386418676018984,0.13750352374993502,-0.05826528594315801,0.07923823780677701,-0.10643441811830157,-0.10643441811830157,False
SPACA3,DIG,-1.5298017172263292,0.405992359675837,-2.2070373509858454,-1.8010449913100084,-1.9893804778898174,-2.255206483160964,True
HTR6,NEUTRAL,-0.04797668589499577,0.13750352374993502,-0.06921572681899787,0.06828779693093714,-0.11738485899414322,-0.11738485899414287,False
MVB12A,DIG,1.2426296502810479,0.5728896684205812,1.7927356341220548,2.365625302542636,2.180318269538643,1.7445665019469079,True
KLRB1,DIG,0.9922257348624353,0.5969351423872323,1.431479147128443,2.028414289515675,1.8522844420194686,1.383310014953296,True
ATP1A1,NEUTRAL,0.04495302116152002,0.13750352374993502,0.06485350070270157,0.2023570244526366,0.01668436852755697,0.01668436852755697,False
ATP5PBP6,DIG,-0.771561014825784,0.4195388915137848,-1.1131272498324145,-0.6935883583186297,-0.884904348183463,-1.1612963820075575,True
BLZF1,DCG,-0.9564783664789559,1.2172307162206693,-1.3799065960367662,-0.162675879816097,-0.3384469340054738,-1.428075728211912,True
LNX2,NEUTRAL,0.02486207503804881,0.13750352374993502,0.03586839236360231,0.17337191611353733,-0.012300739811541858,-0.012300739811542019,False
MMP24,DCG,-0.7968293664890581,1.3362833878644325,-1.1495817754684585,0.18670161239597394,-0.0031577627918971795,-1.1977509076436044,True
OSBPL3,DSG,-0.01992736415362015,-0.7369655941662062,-0.02874910944241629,-0.7657147036086225,-0.951387359533703,-0.07691824161756192,False
SF3B1,NEUTRAL,-0.029141412100430177,0.13750352374993502,-0.04204217072179225,0.09546135302814276,-0.09021130289693585,-0.0902113028969362,False
CEP250-AS1,DCG,0.8582633960457235,-0.7369655941662062,1.2382123452516858,0.5012467510854796,0.315574095160399,1.1900432130765402,True
KCNIP2,NEUTRAL,0.022112292090122686,0.13750352374993502,0.031901294141108254,0.16940481789104328,-0.016267838034036673,-0.01626783803403635,False
MTSS1,DCG,-0.8325537707161855,1.0789513413948222,-1.201121196285648,-0.12216985489082588,-0.3097083811639265,-1.2492903284607926,True
DCC,NEUTRAL,0.027722863702410516,0.13750352374993502,0.0399956379827083,0.17749916173264332,-0.00817349419243658,-0.008173494192436096,False
PCCA,NEUTRAL,-0.018267628342646048,0.13750352374993502,-0.02635461681873813,0.11114890693119689,-0.07452374899388171,-0.07452374899388155,False
LGALS8-AS1,DCG,-0.966206100088479,1.3923174227787602,-1.393940749074314,-0.0016233262955538397,-0.18955168466881528,-1.44210988124946,True
RAB40C,DSG,0.009071546454948624,-0.7369655941662062,0.013087475083748235,-0.723878119082458,-0.9095507750075377,-0.03508165709139626,False
PDC-AS1,DCG,-0.8348580502273871,1.1779177921958432,-1.2044455689092806,-0.026527776713437312,-0.20699693760914356,-1.2526147010844233,True
CYP11A1,NEUTRAL,-0.07069827911035495,0.13750352374993502,-0.10199605667189288,0.03550746707804214,-0.15016518884703683,-0.15016518884703664,False
TSPEAR-AS1,DIG,-1.1868565664908182,0.523561956057013,-1.7122720827228057,-1.188710126665793,-1.3722265266496612,-1.7604412148979511,True
RPS3AP49,NEUTRAL,-0.03064489778239311,0.13750352374993502,-0.044211242059207734,0.09329228169072729,-0.09238037423435243,-0.09238037423435243,False
KCNF1,DIG,1.0085206379380527,0.4195388915137848,1.4549877229874024,1.8745266145011872,1.6953911383105653,1.4068185908122577,True
FCF1,NEUTRAL,0.005610521465578373,0.13750352374993502,0.008094271495190998,0.145597795245126,-0.040074860679952994,-0.0400748606799525,False
ARHGAP26,NEUTRAL,-0.028714046518676425,0.13750352374993502,-0.041425612516349485,0.09607791123358553,-0.08959474469149363,-0.0895947446914933,False
TANK,NEUTRAL,-0.02395936140361108,0.13750352374993502,-0.03456605187985614,0.10293747187007887,-0.08273518405500058,-0.08273518405500024,False
CASP2,DIG,-0.6191963560220896,0.4854268271702419,-0.8933115121695856,-0.4078846849993437,-0.5959982376972183,-0.9414806443447307,True
TMPRSS15,DIG,-1.456472701871771,0.5109619192773794,-2.1012459441805538,-1.5902840249031742,-1.7746076502280315,-2.1494150763556727,True
C17orf107,NEUTRAL,-0.0408569305742075,0.13750352374993502,-0.05894409112535383,0.07855943262458119,-0.10711322330049858,-0.10711322330049892,False
VTA1,DIG,0.6794208776279506,0.4195388915137848,0.9801971308302715,1.3997360223440563,1.2090698910878135,0.9320279986551263,True
SLIT3,DIG,-1.4930047306495764,0.405992359675837,-2.1539505209319065,-1.7479581612560695,-1.9343258364345322,-2.202119653107051,True
LUZP2,DIG,-1.1809719584133573,0.4195388915137848,-1.7037823878318779,-1.284243496318093,-1.469254192616053,-1.7519515200070226,True
RPL17P26,DIG,0.6290688474500595,0.4854268271702419,0.9075545065939368,1.3929813337641788,1.1955496284331466,0.8593853744187909,True
ART3,DIG,1.3117613696229642,0.5484366246960424,1.892471622784765,2.4409082474808077,2.254177478120944,1.8443024906096188,True
SLC25A30,NEUTRAL,0.02466038372571196,0.13750352374993502,0.035577413307503546,0.17308093705743857,-0.012591718867641755,-0.012591718867642078,False
AKIRIN1,NEUTRAL,0.0010074852163146303,0.13750352374993502,0.0014534939253460619,0.13895701767528107,-0.046715638249798734,-0.04671563824979857,False
CCDC66,NEUTRAL,-0.0020100389549893693,0.13750352374993502,-0.0028998732323567977,0.13460365051757822,-0.05106900540750082,-0.05106900540750082,False
GLTPD2,NEUTRAL,0.04016526639639712,0.13750352374993502,0.05794623064606626,0.19544975439600126,0.00977709847092293,0.009777098470923248,False
HSD17B14,DIG,-0.7157624315640418,0.5484366246960424,-1.0326269104720693,-0.48419028577602696,-0.6732682666253696,-1.0807960426472147,True
DELE1,NEUTRAL,-0.05738852975368371,0.13750352374993502,-0.08279414727954822,0.0547093764703868,-0.1309632794546934,-0.13096327945469377,False
STAC,NEUTRAL,0.012263345048479686,0.13750352374993502,0.017692267086151868,0.1551957908360869,-0.030476865088993273,-0.03047686508899344,False
AKIP1,NEUTRAL,0.03139036651566269,0.13750352374993502,0.04528672610383353,0.18279024985376854,-0.0028824060713118,-0.0028824060713119604,False
RNU6-418P,DCG,-0.9753142151178094,1.232660756790275,-1.4070809814589753,-0.17442022466870033,-0.3659944779173828,-1.4552501136341123,True
GAPDHP71,DIG,-1.4174336695609764,0.45943161863729726,-2.0449245258646664,-1.5854929072273691,-1.7673387233449447,-2.093093658039809,True
CYP27A1,NEUTRAL,0.007348147828828928,0.13750352374993502,0.0106011364323705,0.14810466018230553,-0.03756799574277491,-0.03756799574277491,False
SLC4A2,DIG,-0.6042930360732122,0.4195388915137848,-0.8718105663865587,-0.4522716748727739,-0.6287121301294428,-0.9199796985617044,True
LATS2,NEUTRAL,0.01109409277491234,0.13750352374993502,0.016005392629528114,0.15350891637946312,-0.0321637395456155,-0.0321637395456155,False
DPH1,NEUTRAL,-0.020927306665117922,0.13750352374993502,-0.030191721544928177,0.10731180220500684,-0.07836085372007431,-0.07836085372007397,False
HPCAL1,DIG,1.3938785422684703,0.4195388915137848,2.0109416605322594,2.430480552046044,2.251453890142163,1.9627725283571151,True
FSD2,NEUTRAL,0.001972731953094396,0.13750352374993502,0.0028460506057324847,0.1403495743556675,-0.04532308156941279,-0.04532308156941312,False
RBPMS,NEUTRAL,-0.010291244190585167,0.13750352374993502,-0.014847126958334575,0.12265639679160044,-0.06301625913347846,-0.06301625913347862,False
PANK3,DIG,0.5761294922646972,0.4854268271702419,0.8311791614001551,1.3166059885703971,1.131681256952321,0.7830100292250076,True
HMGB1P10,NEUTRAL,0.02068095729183409,0.13750352374993502,0.02983631452576549,0.1673398382757005,-0.018332817649379562,-0.018332817649380048,False
NMU,NEUTRAL,0.025886166504162606,0.13750352374993502,0.037345844043181385,0.1748493677931164,-0.010823288131962719,-0.010823288131962233,False
HIPK2,DIG,-1.273115110745694,0.4462562298895641,-1.8367168567536163,-1.3904606268640523,-1.5623540306405357,-1.8848859889287628,True
MEIS2,NEUTRAL,0.027100734074263253,0.13750352374993502,0.03909809465339015,0.17660161840332517,-0.009071037521753998,-0.009071037521754482,False
PSORS1C1,DIG,-1.225134471851286,0.5109619192773794,-1.7674954269619696,-1.25653350768459,-1.4461575784266107,-1.8156645591371157,True
NR2E1,DIG,-0.7609649304230658,0.4195388915137848,-1.0978403314117722,-0.6783014398979874,-0.8633314780918906,-1.1460094635869138,True
SAMD9,DIG,-1.724989021566453,0.5109619192773794,-2.488633107001827,-1.9776711877244475,-2.171398819127091,-2.5368022391769727,True
MYBPC1,NEUTRAL,0.003619628515599535,0.13750352374993502,0.005222020109315729,0.14272554385925074,-0.04294711206582944,-0.04294711206582944,False
LRP12,DCG,0.9417169917108701,-0.7369655941662062,1.3586104338621454,0.6216448396959392,0.43597218377085745,1.310441301686999,True
AGPAT4,NEUTRAL,-0.002384760446061083,0.13750352374993502,-0.003440482069240477,0.13406304168069455,-0.0516096142443853,-0.051609614244385135,False
TMEM71,DCG,-0.8737695298237101,1.1779177921958432,-1.2605829675565479,-0.08266517536070461,-0.26893694710572835,-1.3087520997316926,True
MED28P3,NEUTRAL,-0.025404948693220415,0.13750352374993502,-0.03665159349374764,0.10085193025618738,-0.08482072566889294,-0.08482072566889294,False
COPZ1,NEUTRAL,0.008059971490490645,0.13750352374993502,0.011628080899037281,0.1491316046489723,-0.036541051276107045,-0.036541051276107045,False
ZSCAN23,DIG,1.0166975069099622,0.5849625007211562,1.4667844513031751,2.0517469520243314,1.8704638549644965,1.4186153191280282,True
CYP1B1-AS1,DIG,1.1324944019484973,0.4854268271702419,1.6338440575256095,2.1192708846958515,1.9345034739717952,1.5856749253504632,True
LSP1P3,DSG,-0.015699066903945576,1.439623137557117,-0.022648965968906334,1.4169741715882105,1.2311371133489715,-0.07081809814405006,False
TMEM70,DCG,-0.8856705270014327,1.3504972470841334,-1.2777524771664817,0.07274476991765177,-0.11223582759504225,-1.3259216093416264,True
LINC02308,NEUTRAL,-0.046353646923942234,0.13750352374993502,-0.06687417654428941,0.0706293472056456,-0.11504330871943338,-0.11504330871943322,False
GYS2,DIG,-1.596096367080831,0.5728896684205812,-2.3026803135684055,-1.7297906451478244,-1.9192152417724782,-2.350849445743551,True
LALBA,DIG,-1.67451753072747,0.4724877714627438,-2.4158181374621535,-1.9433303659994097,-2.136344982519717,-2.463987269637298,True
DNAH17,DSG,0.06481598351699369,1.2403143293337107,0.0935096979903076,1.3338240273240183,1.1488415247209627,0.045340565815161084,False
VWA5B1,NEUTRAL,0.00579416285098355,0.13750352374993502,0.008359210011217026,0.14586273376115205,-0.03980992216392832,-0.03980992216392815,False
IRAG2,DIG,-0.9467469906332523,0.6438561897747247,-1.365867188363143,-0.7220109985884183,-0.9057007808722859,-1.4140363205382904,True
VRK2,DIG,1.2899621982873455,0.405992359675837,1.8610220664033792,2.267014426079216,2.083438233636385,1.8128529342282327,True
CNN2,NEUTRAL,0.04446186578930745,0.13750352374993502,0.06414491328290452,0.20164843703283952,0.015975781107758973,0.015975781107758973,False
PEA15,DCG,-0.9485789617852993,1.3785116232537298,-1.368510164059253,0.010001459194476814,-0.17592592022027206,-1.416679296234399,True
ITPA,DSG,0.0621869817174314,1.3219280948873624,0.08971685013159092,1.4116449450189532,1.218699426539893,0.04154771795644541,False
TRAF3IP2-AS1,DIG,0.8485823117763365,0.49825086752782544,1.2242454929858129,1.7224963605136383,1.5349854297603036,1.1760763608106668,True
ACSBG1,NEUTRAL,-0.06435128122850974,0.13750352374993502,-0.09283927430322203,0.04466424944671299,-0.14100840647836613,-0.14100840647836613,False
ABCF2,DIG,-1.6801905485369872,0.4854268271702419,-2.4240025721228187,-1.9385757449525767,-2.1156017258775504,-2.4721717042979656,True
RXFP4,DCG,0.7819452353681576,-0.7369655941662062,1.1281085133123943,0.39114291914618804,0.20547026322110767,1.079939381137247,True
CALML3,DSG,0.05723966826807513,1.20945336562895,0.08257938555248136,1.2920327511814313,1.1100332767660086,0.03441025337733528,False
HNRNPA1P54,DCG,0.8700352332726333,-0.7369655941662062,1.2551955164411006,0.5182299222748944,0.3325572663498157,1.2070263842659568,True
HJURP,NEUTRAL,-0.018080635770843904,0.13750352374993502,-0.0260848435627161,0.11141868018721893,-0.07425397573786045,-0.07425397573786029,False
ANKDD1B,NEUTRAL,0.024656058378512417,0.13750352374993502,0.03557117315054864,0.17307469690048366,-0.012597959024595443,-0.012597959024595443,False
TPR,DCG,-0.8930633055201198,1.3074285251922473,-1.288418002073782,0.019010523118465184,-0.15987610020168225,-1.3365871342489266,True
LINC01090,NEUTRAL,-0.031295062842297425,0.13750352374993502,-0.04514923196689097,0.09235429178304405,-0.0933183641420358,-0.0933183641420358,False
WNT2,DIG,-1.4953127693569195,0.45943161863729726,-2.15728031692917,-1.6978486982918728,-1.8776206039327057,-2.2054494491043157,True
DENND2A,DIG,-0.8385925528292232,0.4724877714627438,-1.2098333172931364,-0.7373455458303926,-0.9155738043129542,-1.258002449468282,True
MRPL45P2,DIG,-0.9263972202662537,0.32192809488736235,-1.336508675571445,-1.0145805806840826,-1.2017943741681687,-1.3846778077465889,True
HIF1A,NEUTRAL,0.042926031079449846,0.13750352374993502,0.06192917216336781,0.19943269591330282,0.013760039988222514,0.013760039988222514,False
KIAA0930,NEUTRAL,-0.03437993315295695,0.13750352374993502,-0.04959975906586506,0.08790376468406996,-0.09776889124101028,-0.09776889124100976,False
TSPAN12,DIG,1.2263571833009168,0.405992359675837,1.7692594267067903,2.1752517863826273,1.9953608227565534,1.721090294531646,True
ZSCAN16-AS1,DIG,1.6237131698492069,0.53605290024021,2.34252293796755,2.87857583820776,2.6929735118064384,2.2943538057924044,True
MEOX2,DIG,1.5694208088315058,0.6205864104518776,2.2641956179691594,2.884782028421037,2.714253489777454,2.216026485794013,True
GLI1,DIG,-1.1705720659592227,0.53605290024021,-1.6887785145625192,-1.1527256143223092,-1.341120396293302,-1.736947646737664,True
ZNF525,DIG,-1.5796175721902164,0.49825086752782544,-2.2789064378998893,-1.780655570372064,-1.967034610809053,-2.3270755700750345,True
CLCA3P,NEUTRAL,0.005371904885981763,0.13750352374993502,0.007750020539133082,0.14525354428906811,-0.04041911163601216,-0.040419111636011834,False
ETF1P1,DIG,0.9931896652938967,0.5484366246960424,1.4328698047816744,1.9813064294777167,1.7979596203715766,1.384700672606527,True
CHAF1A,NEUTRAL,0.017565919600085945,0.13750352374993502,0.025342265095698237,0.16284578884563325,-0.022826867079446752,-0.022826867079446103,False
CBFB,NEUTRAL,0.046209137140418036,0.13750352374993502,0.06666569299623912,0.20416921674617414,0.018496560821093213,0.018496560821093213,False
KCNE4,NEUTRAL,-0.0474564498116922,0.13750352374993502,-0.06846518480152432,0.0690383389484107,-0.11663431697666923,-0.11663431697666923,False
PBX1-AS1,DCG,-0.8585833907342081,1.070389327891398,-1.2386740000018732,-0.16828467211047515,-0.35674335111253,-1.2868431321770102,True
INTS8,DCG,0.6792266022205227,-0.7369655941662062,0.9799168506634086,0.2429512564972024,0.057278600572121675,0.9317477184882628,True
RPL7AP53,DIG,-0.6140963422990333,0.6205864104518776,-0.8859537476628667,-0.26536733721098915,-0.45801597123431403,-0.9341228798380132,True
FOXN3-AS1,NEUTRAL,-0.00926013019198685,0.13750352374993502,-0.013359543905965594,0.12414397984396942,-0.061528676081109825,-0.06152867608110949,False
AGO1,NEUTRAL,-0.0523320617044882,0.13750352374993502,-0.07549920590056036,0.06200431784937466,-0.12366833807570529,-0.12366833807570565,False
GLCCI1,DIG,1.247473545238933,0.5728896684205812,1.7997238973563827,2.372613565776964,2.199066491076222,1.7515547651812353,True
SGPL1,NEUTRAL,0.06069722220701773,0.13750352374993502,0.08756758147379995,0.22507110522373497,0.039398449298656525,0.0393984492986559,False
RPL10P8,DIG,-1.587200719528411,0.5109619192773794,-2.289846606959033,-1.7788846876816535,-1.9583469563398996,-2.3380157391341756,True
TAPBPL,DIG,1.0550542930104692,0.5849625007211562,1.5221215963948154,2.1070840971159717,1.9351158910741808,1.4739524642196693,True
PFAS,NEUTRAL,-0.014506668334451007,0.13750352374993502,-0.020928698465933426,0.11657482528400159,-0.06909783064107963,-0.06909783064107947,False
TET1,NEUTRAL,-0.015242189290703182,0.13750352374993502,-0.021989830901988347,0.11551369284794667,-0.07015896307713293,-0.07015896307713276,False
DNAJB11,DSG,0.050210422121191374,-3.321928094887362,0.07243832699518431,-3.249489767892178,-3.4351624238172582,0.024269194820039426,False
GGT1,NEUTRAL,-0.038641517822741736,0.13750352374993502,-0.055747926135291996,0.08175559761464302,-0.1039170583104358,-0.10391705831043614,False
NUDT13,NEUTRAL,-0.01623309678262501,0.13750352374993502,-0.023419408226563687,0.11408411552337133,-0.07158854040170744,-0.07158854040170726,False
GADL1,NEUTRAL,-0.012416239488377986,0.13750352374993502,-0.01791284713637264,0.11959067661356237,-0.06608197931151698,-0.06608197931151698,False
MBIP,DIG,1.1858358208744257,0.49825086752782544,1.7107994580840271,2.2090503256118525,2.019792716118752,1.6626303259088808,True
HSPD1P11,NEUTRAL,0.05593570136967022,0.13750352374993502,0.08069815897466923,0.21820168272460425,0.032529026799524616,0.03252902679952493,False
LARGE1,NEUTRAL,0.00251866916955779,0.13750352374993502,0.0036336715205609474,0.14113719527049598,-0.04453546065458419,-0.04453546065458452,False
PLSCR2,DSG,0.037517538908244906,1.3001237245690138,0.05412636732928366,1.3542500918982974,1.1677554261163843,0.005957235154138724,False
CKS1BP3,NEUTRAL,0.013936910199373435,0.13750352374993502,0.02010671122995087,0.15761023497988588,-0.028062420945195066,-0.0280624209451949,False
HS3ST3A1,NEUTRAL,0.00022312785916845084,0.13750352374993502,0.00032190545590649505,0.1378254292058415,-0.04784722671923817,-0.047847226719237836,False
ZNF556,NEUTRAL,0.0727126772210187,0.13750352374993502,0.10490221883652358,0.24240574258645858,0.056733086661377836,0.056733086661377836,False
CUL4A,NEUTRAL,-0.032763829450833226,0.13750352374993502,-0.04726821426924887,0.09023530948068614,-0.09543734644439272,-0.09543734644439256,False
ALG6,NEUTRAL,0.018758784295305784,0.13750352374993502,0.02706320507594342,0.16456672882587844,-0.021105927099201068,-0.021105927099201068,False
BMP8A,NEUTRAL,-0.012116818840613166,0.13750352374993502,-0.017480874452702574,0.12002264929723244,-0.06565000662784794,-0.06565000662784794,False
KLHL31,DIG,-0.671858656585959,0.632268215499513,-0.9692871520348842,-0.3370189365353713,-0.5340090418002287,-1.0174562842100303,True
UCHL1,NEUTRAL,0.02894286794886495,0.13750352374993502,0.041755732058931586,0.1792592558088666,-0.006413400116212766,-0.006413400116212444,False
TBX5,NEUTRAL,-0.06283428273340345,0.13750352374993502,-0.09065070809729618,0.04685281565263884,-0.138819840272441,-0.138819840272441,False
ADCK1,NEUTRAL,-0.05040057447055312,0.13750352374993502,-0.07271265884662188,0.06479086490331314,-0.12088179102176617,-0.120881791021766,False
SULF1,DCG,-0.8777731617156213,1.2403143293337107,-1.266358987432553,-0.026044658098842266,-0.20687322505803357,-1.3145281196076994,True
AGR3,DIG,-1.045836101368886,0.6438561897747247,-1.508822557027539,-0.8649663672528144,-1.0329818531678565,-1.5569916892026856,True
LHFPL2,NEUTRAL,0.0309310462055438,0.13750352374993502,0.04462406697024543,0.18212759072018045,-0.003545065204900461,-0.0035450652049003007,False
ISCA1,NEUTRAL,0.027787663793645806,0.13750352374993502,0.040089124752982604,0.17759264850291762,-0.008080007422162342,-0.00808000742216218,False
PEX6,DIG,1.717844383915269,0.5969351423872323,2.4783255736935152,3.0752607160807477,2.874756297857223,2.4301564415183687,True
MTMR4,DSG,-0.09344070322470426,1.4059923596758368,-0.1348064391594582,1.2711859205163787,1.0916772151800822,-0.18297557133460413,False
RBM28,DIG,1.7131751434198068,0.405992359675837,2.471589283585994,2.877581643261831,2.705632795207711,2.423420151410849,True
GLRXP3,DIG,-0.882827822808721,0.4854268271702419,-1.2736513219249423,-0.7882244947547005,-0.9751009884545624,-1.321820454100083,True
SLCO5A1,DCG,-0.7732739151798492,1.145677455195635,-1.1155984426787615,0.030079012516873505,-0.15345402316928522,-1.1637675748539078,True
ABCB9,NEUTRAL,-0.03888790577063053,0.13750352374993502,-0.05610338880584597,0.08140013494408904,-0.10427252098099107,-0.10427252098099125,False
ARRDC1,NEUTRAL,-0.017362396428682956,0.13750352374993502,-0.025048643225609152,0.11245488052432587,-0.07321777540075289,-0.07321777540075289,False
CALCOCO1,NEUTRAL,-0.010774527424816108,0.13750352374993502,-0.015544357283704333,0.12195916646623069,-0.0637134894588495,-0.0637134894588495,False
RRP8,NEUTRAL,-0.03158194504171794,0.13750352374993502,-0.04556311549331426,0.09194040825662075,-0.09373224766846039,-0.09373224766846039,False
DR1,NEUTRAL,0.0048089234095859594,0.13750352374993502,0.006937809955024509,0.14444133370495954,-0.04123132222012059,-0.0412313222201201,False
VIRMA,DCG,-0.8930139981570521,1.412781525338476,-1.288346866585605,0.12443465875287085,-0.05882156646759475,-1.3365159987607504,True
HTR2B,NEUTRAL,-0.012676878079936749,0.13750352374993502,-0.018288869139878754,0.11921465461005626,-0.0664580013150237,-0.06645800131502337,False
MIR6732,NEUTRAL,0.017373562826365676,0.13750352374993502,0.025064752932170604,0.16256827668210563,-0.023104379242973684,-0.023104379242973684,False
SPINT1,NEUTRAL,0.02817864521186911,0.13750352374993502,0.0406531917061331,0.17815671545606812,-0.0075159404690127146,-0.007515940469012876,False
VN1R82P,DIG,1.1666529879916094,0.53605290024021,1.6831244802137864,2.2191773804539965,2.0386937739681694,1.6349553480386423,True
EGF,NEUTRAL,-0.03399178329504566,0.13750352374993502,-0.049039777190734685,0.08846374655920033,-0.09720890936587893,-0.09720890936587927,False
TLR10,NEUTRAL,-0.0013331930268186923,0.13750352374993502,-0.0019233909683390742,0.13558013278159595,-0.05009252314348353,-0.050092523143483364,False
LINC02345,NEUTRAL,0.009034838793149447,0.13750352374993502,0.013034517122107934,0.15053804087204295,-0.03513461505303667,-0.035134615053037,False
NECAB3,DSG,-0.02374771632489088,1.399171093819823,-0.034260712574357956,1.364910381245465,1.1798435982883042,-0.08242984474950385,False
IL18RAP,NEUTRAL,-0.027258114589785283,0.13750352374993502,-0.03932514674266633,0.0981783770072687,-0.08749427891781014,-0.08749427891781014,False
SNORA27,NEUTRAL,0.010246532031222494,0.13750352374993502,0.01478262094775461,0.15228614469768964,-0.033386511227389316,-0.033386511227389476,False
H2AC8,DIG,-1.1959745156860486,0.5969351423872323,-1.725426502809842,-1.12849136042261,-1.3183921013839797,-1.7735956349849873,True
SEC63,DIG,1.5769757983683108,0.3923174227787603,2.275095163907876,2.6674125866866363,2.470929772518166,2.226926031732731,True
SMARCD3,DIG,-1.1429078807354276,0.3645724322958561,-1.6488675317299162,-1.28429509943406,-1.462386283848851,-1.6970366639050607,True
IGSF9B,NEUTRAL,0.06550680472901756,0.13750352374993502,0.09450634232703532,0.23200986607697033,0.046337210151889234,0.04633721015188892,False
MIR143,NEUTRAL,-0.036708708402229714,0.13750352374993502,-0.052959471569335836,0.08454405218059918,-0.10112860374448002,-0.10112860374448002,False
PTDSS1,DCG,-0.8021443134544817,1.2403143293337107,-1.157249623098063,0.08306470623564777,-0.1012620459405685,-1.205418755273209,True
MIR6720,DIG,1.626672215841078,0.5969351423872323,2.3467919389457848,2.943727081333017,2.752249108957538,2.2986228067706374,True
PCDHA12,NEUTRAL,0.030411165763077813,0.13750352374993502,0.04387403803404459,0.18137756178397962,-0.004295094141101599,-0.004295094141101599,False
TSG101,DIG,1.6072807708061458,0.35049724708413343,2.318815997358217,2.6693132444423506,2.491178042607686,2.270646865183071,True
SNX33,NEUTRAL,0.058432063344149826,0.13750352374993502,0.08429964801551473,0.22180317176544975,0.03613051584036908,0.03613051584036908,False
MIR1469,DIG,-0.7559837114110394,0.5109619192773794,-1.0906539514455398,-0.5796920321681603,-0.7741765785211033,-1.1388230836206765,True
SLC52A3,DSG,0.08348980394354537,-0.7369655941662062,0.12045032611414473,-0.6165152680520615,-0.8021879239771427,0.07228119393899834,False
SNHG7,NEUTRAL,-0.041681434969653465,0.13750352374993502,-0.06013359952785488,0.07736992422208014,-0.10830273170299999,-0.10830273170299981,False
SMAD9-IT1,NEUTRAL,-0.03350848723497203,0.13750352374993502,-0.048342528361585285,0.08916099538834973,-0.09651166053672978,-0.09651166053672944,False
E2F3P1,NEUTRAL,0.05849052094023545,0.13750352374993502,0.08438398449948975,0.22188750824942477,0.036214852324345244,0.036214852324345556,False
SENP1,DIG,-1.1061661371926532,0.45943161863729726,-1.5958604005271415,-1.1364287818898442,-1.329061892926923,-1.6440295327022885,True
SLC39A11,DSG,-0.09146518700060502,1.1127001327493624,-0.13195637169975455,0.9807437610496079,0.8030508319443341,-0.18012550387489956,False
NRBF2,DIG,-1.513810807640474,0.405992359675837,-2.1839673450270283,-1.7779749853511913,-1.966435000785491,-2.2321364772021752,True
ADIPOR1,DCG,0.8908307342178726,-0.7369655941662062,1.2851970825275991,0.5482314883613929,0.3625588324363135,1.2370279503524546,True
PLA2G4F,NEUTRAL,-0.027667292707883796,0.13750352374993502,-0.039915465984487336,0.09758805776544768,-0.08808459815963209,-0.08808459815963209,False
RBBP4P1,DSG,0.10653084546805719,1.2172307162206693,0.15369152245847462,1.3709222386791438,1.1918240875103538,0.10552239028332946,False
PDCL3P4,DIG,0.8546940362211501,0.45943161863729726,1.2330628475336254,1.6924944661709227,1.508605777495902,1.1848937153584804,True
ZNF319,NEUTRAL,-0.012292610099253214,0.13750352374993502,-0.0177344876297742,0.11976903612016082,-0.06590361980491967,-0.06590361980491917,False
TRIM68,NEUTRAL,-0.017703881899530385,0.13750352374993502,-0.02554130262093637,0.11196222112899865,-0.07371043479608114,-0.0737104347960808,False
FABP9,DCG,0.8079702168978244,-0.7369655941662062,1.1656546251044715,0.42868903093826527,0.24301637501318546,1.1174854929293256,True
MARVELD3,NEUTRAL,0.029733629137314737,0.13750352374993502,0.04289655930403556,0.1804000830539706,-0.005272572871109062,-0.005272572871109383,False
KIF4B,NEUTRAL,-0.005233988046097004,0.13750352374993502,-0.007551048598176263,0.12995247515175876,-0.05572018077332109,-0.055720180773321255,False
PHF3,DIG,-0.6731838555153883,0.4724877714627438,-0.9711990099585632,-0.49871123849581944,-0.6951936657543075,-1.0193681421337084,True
SNCG,NEUTRAL,-0.008834254790331038,0.13750352374993502,-0.012745135575960157,0.12475838817397486,-0.06091426775110522,-0.060914267751105054,False
APLP2,NEUTRAL,-0.007267895888316546,0.13750352374993502,-0.01048535735577157,0.12701816639416344,-0.058654489530917134,-0.058654489530917134,False
NPM1P7,DIG,1.6645442728201372,0.53605290024021,2.4014297677377376,2.9374826679779478,2.761228298328828,2.3532606355625916,True
ZNF273,DSG,-0.02664364692020682,1.439623137557117,-0.038438657282978884,1.401184480274138,1.2140162217497357,-0.08660778945812347,False
SLC38A8,NEUTRAL,0.04459162994395205,0.13750352374993502,0.06433212338529543,0.20183564713523044,0.016162991210149982,0.016162991210149667,False
CABYR,NEUTRAL,0.03080646892750678,0.13750352374993502,0.04444433994901398,0.181947863698949,-0.003724792226131024,-0.003724792226130703,False
HYAL4,DIG,0.5897027895591075,0.4329594072761063,0.8507612900953123,1.2837206973714186,1.1051688243601232,0.8025921579201672,True
SDCBP2-AS1,DSG,-0.08588843021210413,-3.321928094887362,-0.12391081233674045,-3.4458389072241027,-3.6315115631491834,-0.17207994451188652,False
ZNF33A,DIG,-1.7024480079347308,0.523561956057013,-2.456113298418731,-1.9325513423617178,-2.107327869294906,-2.504282430593877,True
MN1,NEUTRAL,-0.003546754291457306,0.13750352374993502,-0.005116884827537104,0.1323866389223979,-0.05328601700268241,-0.05328601700268241,False
MAGOH2P,NEUTRAL,-0.0031188347357069836,0.13750352374993502,-0.004499527406556706,0.1330039963433783,-0.05266865958170135,-0.05266865958170119,False
ELOC,DCG,2.0794415416798357,-3.321928094887362,3.0,-0.3219280948873622,-0.5076007508124419,2.9518308678248557,True
RNF31,NEUTRAL,-0.05205390998437543,0.13750352374993502,-0.07509791779333894,0.06240560595659608,-0.12326704996848281,-0.12326704996848263,False
YBX1P1,NEUTRAL,0.022454619926350176,0.13750352374993502,0.0323951688127919,0.1698986925627269,-0.015773963362353084,-0.015773963362353084,False
HMGA1P8,DIG,0.7907582358978258,0.523561956057013,1.1408229854718983,1.6643849415289114,1.4881908517391558,1.0926538532967531,True
PACRG,NEUTRAL,-0.004471517651189774,0.13750352374993502,-0.0064510363406189535,0.13105248740931608,-0.05462016851576396,-0.05462016851576413,False
NSD2,NEUTRAL,-0.0022352101522947017,0.13750352374993502,-0.003224726602060231,0.1342787971478748,-0.05139385877720433,-0.05139385877720433,False
ACTG1P9,DIG,1.251108479323853,0.4724877714627438,1.804967998734655,2.277455770197399,2.071648211500476,1.7567988665595076,True
CCNT1,DIG,1.1235811969340985,0.4329594072761063,1.6209850208529097,2.0539444281290162,1.859765254019152,1.5728158886777646,True
VWA2,NEUTRAL,-0.020869564767391102,0.13750352374993502,-0.030108417595426176,0.10739510615450884,-0.07827754977057116,-0.07827754977057098,False
FEM1AP2,NEUTRAL,0.05254079678219378,0.13750352374993502,0.07580034696202578,0.2133038707119608,0.02763121478688055,0.02763121478688055,False
RARRES1,DSG,0.03558657718090909,1.2172307162206693,0.05134057842110989,1.268571294641779,1.0791106168802125,0.003171446245964796,False
LINC02159,DIG,-1.4569505452154405,0.4854268271702419,-2.1019353264027876,-1.6165084992325456,-1.8048831244605068,-2.15010445857793,True
PTGR1,NEUTRAL,0.007324054022073599,0.13750352374993502,0.010566376416848449,0.14806990016678348,-0.03760275575829527,-0.0376027557582951,False
TRIB2,NEUTRAL,0.04696708180495125,0.13750352374993502,0.06775917600502944,0.20526269975496447,0.019590043829884458,0.019590043829884142,False
SERPINB1,DIG,0.7008299443830915,0.5109619192773794,1.0110838852679742,1.5220458045453538,1.3364076751004932,0.962914753092828,True
FOSB,DIG,0.8904156890150355,0.523561956057013,1.2845982988717213,1.8081602549287341,1.6150839428221764,1.2364291666965754,True
IGBP1P4,NEUTRAL,-0.030931176534409438,0.13750352374993502,-0.04462425499505357,0.09287926875488145,-0.09279338717019785,-0.09279338717019733,False
RBM17,DSG,0.055787941547116415,1.1292830169449666,0.08048498661142822,1.2097680035563947,1.0158748067978156,0.032315854436282564,False
NCAPD2,DIG,-0.7320604694121916,0.5728896684205812,-1.0561400088518156,-0.4832503404312344,-0.6707702465173735,-1.1043091410269616,True
EI24,NEUTRAL,0.0199338121770541,0.13750352374993502,0.028758411973847983,0.166261935723783,-0.01941072020129661,-0.019410720201296448,False
ZNF865,DIG,-1.7245705689423478,0.5728896684205812,-2.4880294074761835,-1.9151397390556024,-2.106751116695061,-2.5361985396513287,True
PPAT,NEUTRAL,0.014504303623262297,0.13750352374993502,0.02092528690882834,0.15842881065876335,-0.027243845266316177,-0.027243845266316503,False
RPL10P1,DIG,0.5958254792592439,0.45943161863729726,0.8595944641626011,1.3190260827998983,1.1402622089072898,0.8114253319874546,True
PIP4P2,DCG,-0.989067343973902,1.371558862611963,-1.4269225522563669,-0.05536368964440386,-0.24081999263394024,-1.4750916844315127,True
MYH8,NEUTRAL,0.020222779837672344,0.13750352374993502,0.029175304184799206,0.16667882793473424,-0.018993827990345706,-0.01899382799034603,False
PTBP1,NEUTRAL,-0.05046436676887533,0.13750352374993502,-0.07280469167905824,0.06469883207087677,-0.12097382385420176,-0.1209738238542021,False
TRAF6,DIG,-1.4643976986514442,0.5109619192773794,-2.1126792977336493,-1.6017173784562697,-1.7786350438946885,-2.1608484299087953,True
ELL,DIG,1.302693989280864,0.49825086752782544,1.879390158131363,2.3776410256591882,2.192680138214131,1.831221025956218,True
TULP4,NEUTRAL,-0.04534927659346772,0.13750352374993502,-0.06542517644929782,0.0720783473006372,-0.11359430862444311,-0.11359430862444293,False
EIF1P3,DCG,-0.8085884817555671,1.1937717433966801,-1.1665465927486927,0.027225150647987473,-0.16283581766025634,-1.2147157249238385,True
MATN4,DCG,-0.9564711232300315,1.3291235962915664,-1.379896146237463,-0.05077254994589664,-0.239670836098235,-1.4280652784126076,True
TDRKH,DCG,-0.854737018556853,1.2403143293337107,-1.2331248579361898,0.007189471397520908,-0.18224933518715666,-1.2812939901113365,True
GLI3,DIG,1.1876442344819196,0.523561956057013,1.7134084474274347,2.2369704034844475,2.062076035176037,1.6652393152522875,True
ZNF334,DCG,0.6541003716139573,-0.7369655941662062,0.9436673623710843,0.20670176820487807,0.021029112279796914,0.8954982301959382,True
TMEM232,NEUTRAL,0.01688906613339363,0.13750352374993502,0.024365771955892734,0.16186929570582775,-0.023803360219253066,-0.023803360219252903,False
SMC2,NEUTRAL,0.04841523541385403,0.13750352374993502,0.06984842003503892,0.20735194378497396,0.021679287859894335,0.02167928785989402,False
TENT5A,NEUTRAL,-0.03884478420818121,0.13750352374993502,-0.05604117754154495,0.08146234620839007,-0.10421030971669115,-0.10421030971669115,False
RPL35AP14,NEUTRAL,-0.006878756743031812,0.13750352374993502,-0.009923948240653513,0.1275795755092815,-0.05809308041579844,-0.05809308041579861,False
IPO5,NEUTRAL,-0.013981258294170807,0.13750352374993502,-0.02017069200638791,0.11733283174354711,-0.06833982418153331,-0.06833982418153313,False
DNAAF3,DIG,0.9777191254459787,0.5109619192773794,1.4105505336632078,1.9215124529405871,1.7358783700347862,1.3623814014880626,True
ZC3H4,DIG,0.6654184671582238,0.4854268271702419,0.9599959226851051,1.445422749855347,1.2594023029976247,0.9118267905099593,True
MUC7,DIG,0.566743851412133,0.4195388915137848,0.8176385438865958,1.2371774354003806,1.0500689040110724,0.7694694117114488,True
ATOX1,NEUTRAL,0.0717373691169476,0.13750352374993502,0.10349514667144138,0.2409986704213764,0.05532601449629581,0.05532601449629581,False
LAMTOR3,NEUTRAL,0.06260345169330753,0.13750352374993502,0.09031768930046655,0.22782121305040157,0.04214855712532212,0.04214855712532181,False
SNORD18A,NEUTRAL,-0.04591801179263386,0.13750352374993502,-0.06624568790071382,0.0712578358492212,-0.11441482007585801,-0.11441482007585801,False
LINC01019,DSG,-0.02039840139957401,1.4659744645040693,-0.029428672541227913,1.4365457919628415,1.2503783126583152,-0.07759780471637225,False
FAM86JP,DIG,-1.6405457309570277,0.45943161863729726,-2.3668071904032635,-1.9073755717659662,-2.0851119104469475,-2.414976322578409,True
KRT72,DIG,-0.5877703890414985,0.4195388915137848,-0.8479734254515465,-0.4284345339377617,-0.6321311414884675,-0.8961425576266897,True
EEF1AKMT2,NEUTRAL,-0.014613578287686056,0.13750352374993502,-0.0210829369252873,0.11642058682464772,-0.06925206910043312,-0.06925206910043312,False
PHACTR1,DIG,-0.8700522519357975,0.6438561897747247,-1.25522006918205,-0.6113638794073254,-0.7953095616165078,-1.303389201357197,True
DDX3P3,NEUTRAL,-0.01281397179968683,0.13750352374993502,-0.018486653569499214,0.1190168701804358,-0.06665578574464384,-0.06665578574464384,False
CELF3,DCG,0.8100569916318302,-0.7369655941662062,1.168665204664674,0.4316996104984677,0.24602695457338736,1.1204960724895285,True
GPC6,NEUTRAL,-0.04339553730230503,0.13750352374993502,-0.0626065264627475,0.07489699728718752,-0.11077565863789181,-0.11077565863789181,False
NDUFAF2,NEUTRAL,-0.040534197037640676,0.13750352374993502,-0.05847848505262032,0.0790250386973147,-0.10664761722776477,-0.10664761722776459,False
EEF1A1P13,DSG,-0.006957590399363101,1.439623137557117,-0.01003768116569781,1.4295854563914192,1.2444372528824117,-0.058206813340843086,False
PPIP5K2,NEUTRAL,0.0021430705994876674,0.13750352374993502,0.003091797326155796,0.14059532107609082,-0.04507733484898976,-0.045077334848989924,False
SRGAP1,DIG,-1.5999771846072746,0.5969351423872323,-2.3082791497684005,-1.711344007381168,-1.8879826517856146,-2.3564482819435466,True
VN1R42P,DSG,-0.01116660398935367,1.3434078222978139,-0.016110004199011457,1.3272978180988024,1.1345104490010962,-0.06427913637415603,False
BTBD10P1,DIG,-1.503775336129043,0.4462562298895641,-2.1694892200445044,-1.7232329901549404,-1.9175319740876995,-2.217658352219646,True
IMMP2L,DIG,-0.963691601527844,0.4724877714627438,-1.3903130944705637,-0.9178253230078199,-1.0979198317898136,-1.4384822266457085,True
ITPKC,DIG,-1.1191695925155851,0.5849625007211562,-1.6146204210359567,-1.0296579203148006,-1.2123344482712166,-1.662789553211102,True
DMBT1,NEUTRAL,0.05537842464809572,0.13750352374993502,0.07989417861205084,0.21739770236198586,0.031725046436906046,0.03172504643690542,False
FOXJ3,DIG,1.6761904479666183,0.405992359675837,2.4182316468668903,2.8242240065427273,2.6494053453404844,2.370062514691745,True
ASCL1,NEUTRAL,-0.03297716497904099,0.13750352374993502,-0.04757599237783963,0.08992753137209539,-0.0957451245529845,-0.0957451245529845,False
ZNF280D,NEUTRAL,0.03060303319947026,0.13750352374993502,0.04415084423303606,0.18165436798297108,-0.0040182879421079565,-0.004018287942108117,False
ZNF667,DIG,1.275672342279356,0.4854268271702419,1.8404061620056353,2.3258329891758773,2.141099760199491,1.7922370298304906,True
KCNQ4,NEUTRAL,0.02218441140382101,0.13750352374993502,0.03200534031733314,0.16950886406726817,-0.016163791857812203,-0.016163791857812367,False
KCTD5P1,NEUTRAL,0.04602188268128205,0.13750352374993502,0.06639554191665929,0.20389906566659433,0.018226409741515025,0.018226409741515025,False
BECN1,NEUTRAL,-0.0015533919579278318,0.13750352374993502,-0.0022410708742592804,0.13526245287567573,-0.05041020304940526,-0.05041020304940559,False
FOLH1,DIG,1.1687474354403926,0.405992359675837,1.6861461291615485,2.0921384888373855,1.8950035481451712,1.6379769969864026,True
SNORA31,NEUTRAL,-0.00519526116323504,0.13750352374993502,-0.007495177516322219,0.1300083462336128,-0.055664309691468114,-0.05566430969146828,False
LACTB2,DCG,-0.8317343993455598,1.2779847472997656,-1.1999390932726,0.07804565402716568,-0.1086625302601217,-1.2481082254477458,True
OGDH,DIG,-1.7029072705014576,0.523561956057013,-2.4567758742462136,-1.9332139181892005,-2.110278936661627,-2.5049450064213596,True
SOCS2,DIG,-1.3431169462781067,0.405992359675837,-1.937708157729353,-1.5317157980535159,-1.71694403706069,-1.9858772899044985,True
THG1L,NEUTRAL,0.05791294464392736,0.13750352374993502,0.08355071804107106,0.22105424179100608,0.035381585865926254,0.035381585865926254,False
RFX1,DIG,-0.7612351509010594,0.4854268271702419,-1.0982301771553202,-0.6128033499850783,-0.8022408242348977,-1.1463993093304667,True
CEBPE,DIG,-1.369379295624257,0.5109619192773794,-1.9755967188931374,-1.4646347996157578,-1.6665716710253864,-2.0237658510682732,True
NCK1,DIG,1.0192146673320097,0.523561956057013,1.470415946161185,1.993977902218198,1.8101787720206526,1.4222468139860387,True
IPO8,DIG,1.0805948937540895,0.6553518286125543,1.5589688944289612,2.2143207230415154,2.0307476138018283,1.510799762253814,True
JAGN1,DIG,1.3263572530561896,0.4724877714627438,1.9135290314312725,2.3860168028940163,2.1968613152133853,1.8653598992561258,True
SERPINB10,NEUTRAL,-0.06854296652044614,0.13750352374993502,-0.0988865978868659,0.03861692586306911,-0.14705573006201145,-0.14705573006201145,False
SLC22A7,DIG,-1.49956609937481,0.5484366246960424,-2.163416575053245,-1.6149799503572024,-1.8096088256041991,-2.2115857072283776,True
TGFB1,DIG,0.7065234336357691,0.5484366246960424,1.0192978539781667,1.5677344786742091,1.3804870745702502,0.9711287218030211,True
GUSBP5,NEUTRAL,-0.044694122663951806,0.13750352374993502,-0.0644799891241663,0.07302353462576872,-0.11264912129931097,-0.11264912129931079,False
AKR1B1P2,NEUTRAL,0.010310674481069374,0.13750352374993502,0.014875158942059173,0.1523786826919942,-0.03329397323308532,-0.03329397323308483,False
DDX24,NEUTRAL,0.018258551868507254,0.13750352374993502,0.02634152223450933,0.16384504598444435,-0.021827609940634648,-0.02182760994063481,False
SNURF,NEUTRAL,0.004945059073823797,0.13750352374993502,0.007134212202708563,0.1446377359526436,-0.04103491997243531,-0.04103491997243531,False
KRT8P49,NEUTRAL,0.03427488828126629,0.13750352374993502,0.04944821135040613,0.18695173510034113,0.0012790791752628765,0.0012790791752625564,False
XRCC6,NEUTRAL,-0.07093778471695142,0.13750352374993502,-0.10234159022279471,0.03516193352714031,-0.15051072239794003,-0.15051072239794003,False
NDUFB4P12,NEUTRAL,0.03161927024561697,0.13750352374993502,0.045616964379879554,0.18312048812981457,-0.0025521677952650367,-0.0025521677952650367,False
LINC01993,DSG,0.05174540427265787,1.4059923596758368,0.07465283813295809,1.4806451978087949,1.2903079024239443,0.026483705957813106,False
FBXO15,NEUTRAL,-0.0007579016977191216,0.13750352374993502,-0.001093421020780703,0.13641010272915433,-0.04926255319592561,-0.04926255319592561,False
EIF1AD,DIG,-1.478206921493657,0.4854268271702419,-2.1326017950466403,-1.6471749678763983,-1.8218831208034374,-2.1807709272217863,True
SLC35B1,DSG,-0.009760736873701922,1.3785116232537298,-0.014081766683111807,1.3644298565706179,1.1733162635792354,-0.06225089885825705,False
TEX48,NEUTRAL,-0.04423671877460309,0.13750352374993502,-0.06382009480131959,0.07368342894861543,-0.11198922697646378,-0.11198922697646396,False
NUDC,NEUTRAL,-0.06219641605695081,0.13750352374993502,-0.08973046100642963,0.04777306274350539,-0.1378995931815747,-0.13789959318157485,False
MIER2,NEUTRAL,0.006016079073007372,0.13750352374993502,0.008679367444223608,0.14618289119415862,-0.039489764730922354,-0.03948976473092219,False
ELP2,NEUTRAL,0.008681216728195834,0.13750352374993502,0.012524348322650442,0.15002787207258547,-0.035644783852494956,-0.035644783852494956,False
ARF1P2,NEUTRAL,-0.08610918484552868,0.13750352374993502,-0.12422929395163532,0.013274229798299703,-0.17239842612677947,-0.17239842612677947,False
TNFRSF8,NEUTRAL,-0.008253893694166039,0.13750352374993502,-0.011907851500598032,0.125595672249337,-0.060076983675742254,-0.06007698367574243,False
CRHR2,DIG,1.2505799949512795,0.5849625007211562,1.8042055569511557,2.389168057672312,2.213860965142014,1.756036424776008,True
ZBTB47,NEUTRAL,-0.0003885646045278665,0.13750352374993502,-0.0005605802280173343,0.1369429435219177,-0.04872971240316181,-0.04872971240316197,False
ROS1,DIG,-1.4145406711469155,0.45943161863729726,-2.040750811399401,-1.5813191927621038,-1.7704493401906771,-2.0889199435745454,True
ETV4,NEUTRAL,-0.06091124824537449,0.13750352374993502,-0.08787635577795835,0.049627167971976666,-0.13604548795310412,-0.13604548795310445,False
KANK3,NEUTRAL,-0.05500672615810443,0.13750352374993502,-0.07935793104383448,0.058145592706100535,-0.1275270632189798,-0.1275270632189798,False
PCDHGB2,NEUTRAL,0.02047263328395105,0.13750352374993502,0.029535766512694517,0.16703929026262954,-0.018633365662449726,-0.01863336566244989,False
GNG10,NEUTRAL,0.03136891238049927,0.13750352374993502,0.04525577432942671,0.18275929807936173,-0.0029133578457187902,-0.0029133578457189507,False
SYNJ2BP,NEUTRAL,0.03282769377744632,0.13750352374993502,0.04736035101654329,0.1848638747664783,-0.0008087811586002298,-0.00080878115860039,False
LNP1,DIG,0.9418312066233645,0.405992359675837,1.3587752111499967,1.7647675708258337,1.5876629413388355,1.3106060789748506,True
KANSL3,NEUTRAL,-0.010932207662161976,0.13750352374993502,-0.01577184178016941,0.12173168196976561,-0.06394097395531383,-0.06394097395531383,False
ADPGK,NEUTRAL,0.008161947463074679,0.13750352374993502,0.011775201128974096,0.1492787248789091,-0.036393931046170884,-0.03639393104617072,False
SMCO1,DSG,-0.012325320114146448,1.1375035237499351,-0.017781678206048073,1.119721845543887,0.9322756110147732,-0.06595081038119241,False
PRR5,NEUTRAL,0.02573977868345707,0.13750352374993502,0.037134651060202965,0.174638174810138,-0.011034481114941994,-0.011034481114941833,False
SDC2,DCG,2.0794415416798357,-3.321928094887362,3.0,-0.3219280948873622,-0.5076007508124419,2.9518308678248557,True
PTN,DIG,-1.1961575830405444,0.6205864104518776,-1.725690613174322,-1.1051042027224445,-1.284176755637326,-1.7738597453494693,True
TLE4,NEUTRAL,-0.0042077971509395,0.13750352374993502,-0.006070568082727126,0.1314329556672079,-0.054239700257872656,-0.05423970025787249,False
MPZL2,NEUTRAL,-0.0187809375544324,0.13750352374993502,-0.02709516547302492,0.1104083582769101,-0.07526429764816868,-0.07526429764816885,False
ZNF736,DSG,0.02177194326373955,-0.7369655941662062,0.03141027457711292,-0.7055553195890933,-0.8912279755141728,-0.016758857598031727,False
MTHFD1L,NEUTRAL,-0.041750918187335,0.13750352374993502,-0.060233842621429036,0.07726968112850599,-0.10840297479657339,-0.10840297479657304,False
ZNF365,DIG,-0.8491748010014764,0.4724877714627438,-1.2251002742527024,-0.7526125027899586,-0.9576370124727,-1.2732694064278482,True
H2BC5,DIG,1.5458780349755694,0.6205864104518776,2.2302305748784295,2.850816985330307,2.6621664882520575,2.182061442703283,True
ELF2,NEUTRAL,-0.009000560479777977,0.13750352374993502,-0.012985063969396877,0.12451845978053815,-0.061154196144542136,-0.061154196144542136,False
LOXL3,DIG,-1.033822805228707,0.4724877714627438,-1.4914910342613723,-1.0190032627986285,-1.2015391243782325,-1.5396601664365193,True
RPS27P21,DIG,-1.2005593162168402,0.5728896684205812,-1.7320409717990801,-1.1591513033784988,-1.3516353547747864,-1.7802101039742262,True
EP400,NEUTRAL,-0.03547272097034433,0.13750352374993502,-0.051176318630753705,0.08632720511918132,-0.09934545080589964,-0.09934545080589947,False
ZNF3,DSG,-0.16298869210974998,1.145677455195635,-0.23514297782771443,0.9105344773679206,0.7270737058398586,-0.2833121100028593,False
LINC01224,DIG,0.7733321927870648,0.4854268271702419,1.1156825194936861,1.601109346663928,1.4143150757504674,1.0675133873185394,True
GRIN2C,DSG,0.08048153387313847,1.2630344058337937,0.116110309801914,1.3791447156357077,1.1977013390641393,0.06794117762676832,False
LIMK2,NEUTRAL,0.023516790929415828,0.13750352374993502,0.033927557651490775,0.1714310814014258,-0.014241574523654736,-0.014241574523655383,False
LIMS2,NEUTRAL,0.07950271798789588,0.13750352374993502,0.11469817697833116,0.2522017007282662,0.06652904480318722,0.06652904480318722,False
SOD1,DIG,0.6510503218106082,0.53605290024021,0.9392670706453282,1.4753199708855382,1.2886686068482094,0.8910979384701818,True
ASCC3,DIG,-1.2269523596527627,0.45943161863729726,-1.7701180846780527,-1.3106864660407553,-1.5102123697012215,-1.8182872168531996,True
TMEM184A,DIG,0.9303169772068858,0.5969351423872323,1.342163689471185,1.9390988318584172,1.7652486746721288,1.293994557296038,True
CPSF7,DIG,-1.1366251401525223,0.49825086752782544,-1.639803453047767,-1.1415525855199415,-1.3188323946165559,-1.6879725852229137,True
SERPINH1P1,DIG,-1.5206623686561767,0.3923174227787603,-2.1938520581267307,-1.8015346353479704,-1.9936305504312613,-2.2420211903018674,True
PTPRH,DIG,-1.6634634338048282,0.6205864104518776,-2.399870446650352,-1.7792840361984745,-1.974412003081422,-2.448039578825499,True
DGUOK,DIG,1.0933268777321286,0.5109619192773794,1.5773372645747559,2.0882991838521354,1.9120389906309223,1.5291681323996087,True
RPL37P12,NEUTRAL,-0.005426018210480082,0.13750352374993502,-0.007828089564032822,0.1296754341859022,-0.0559972217391779,-0.0559972217391779,False
SREK1,NEUTRAL,0.013602824506003204,0.13750352374993502,0.019624727456893688,0.15712825120682872,-0.028544404718250673,-0.02854440471825051,False
WDR70,DSG,0.026554947635176265,1.2555007331483865,0.0383106912643349,1.2938114244127215,1.1077224384905995,-0.00985844091081043,False
PPARD,DIG,1.613319787800033,0.5484366246960424,2.3275284572271424,2.8759650819231846,2.6934824460149818,2.2793593250519972,True
MPZ,DCG,-0.7775456940595594,1.3146965256562866,-1.1217613168842935,0.1929352087719931,0.005736368145354534,-1.1699304490594398,True
XBP1P1,NEUTRAL,0.01194114767799145,0.13750352374993502,0.017227434537561027,0.15473095828749606,-0.030941697637582987,-0.03094169763758348,False
TENT5B,NEUTRAL,0.07452501422239136,0.13750352374993502,0.10751686844082348,0.2450203921907585,0.05934773626567936,0.05934773626567874,False
KIAA0087,DSG,-0.06044128486823001,-3.321928094887362,-0.08719834194435258,-3.409126436831715,-3.5947990927567885,-0.13536747411949623,False
GALNT6,DIG,-0.5726084613303686,0.4462562298895641,-0.8260993875323825,-0.37984315764281845,-0.5711576722507488,-0.8742685197075283,True
WDR11,NEUTRAL,0.02820153965609396,0.13750352374993502,0.040686221407280204,0.17818974515721522,-0.00748291076786547,-0.007482910767865308,False
SLC4A5,DIG,1.6153534088835864,0.35049724708413343,2.330462352279432,2.6809595993635655,2.506429217673601,2.282293220104288,True
URB1-AS1,DIG,-1.4294050165637444,0.5109619192773794,-2.0621955288183207,-1.5512336095409411,-1.7357405974674716,-2.110364660993467,True
GSTCD,NEUTRAL,0.05382341001960189,0.13750352374993502,0.077650766719013,0.21515429046894802,0.02948163454386828,0.02948163454386828,False
AIDA,DCG,-0.8468616241806143,1.1699250014423124,-1.2217630655245453,-0.051838064082232904,-0.24215943343314075,-1.26993219769969,True
PLEKHH1,NEUTRAL,0.00775636647625067,0.13750352374993502,0.011190071450604246,0.14869359520053926,-0.036979060724539964,-0.036979060724540457,False
RASD2,NEUTRAL,0.009675662612874189,0.13750352374993502,0.013959030468908343,0.15146255421884336,-0.03421010170623619,-0.03421010170623651,False
MRPS17P1,NEUTRAL,-0.03330700937869681,0.13750352374993502,-0.04805185725748808,0.08945166649244693,-0.0962209894326327,-0.0962209894326327,False
RNF182,DIG,-0.95211712960685,0.5484366246960424,-1.373614661229237,-0.8251780365331947,-1.0233691216531038,-1.4217837934043844,True
PLVAP,DIG,1.4692303933686457,0.4724877714627438,2.1196514024362862,2.59213917389903,2.4035403719600845,2.07148227026114,True
RMND1,DIG,-1.5929775474987153,0.53605290024021,-2.2981808080238597,-1.7621279077836496,-1.941389263891197,-2.3463499401990062,True
RHAG,DIG,0.6273800769153401,0.5969351423872323,0.9051181257182976,1.5020532681055299,1.3116101048171558,0.8569489935431522,True
LZTS1,NEUTRAL,0.0243609935159126,0.13750352374993502,0.0351454845365353,0.1726490082864703,-0.013023647638609383,-0.013023647638609059,False
SLC9A5,NEUTRAL,0.058945940826651035,0.13750352374993502,0.08504101651114374,0.22254454026107875,0.03687188433599989,0.036871884335999576,False
SNX2,NEUTRAL,0.02108676195619584,0.13750352374993502,0.030421766902609795,0.1679252906525448,-0.017747365272534378,-0.017747365272534378,False
MCM3,DIG,1.7173346858507126,0.5849625007211562,2.477590234823429,3.062552735544585,2.8728389216554895,2.429421102648282,True
LY6E-DT,DCG,-0.850305755068108,1.1292830169449666,-1.226731896076105,-0.09744887913113853,-0.2818433589498506,-1.2749010282512505,True
SCN1A-AS1,NEUTRAL,0.007128213679694298,0.13750352374993502,0.010283838526091833,0.14778736227602685,-0.03788529364905307,-0.037885293649053235,False
TATDN3,DCG,-0.8509770371692827,1.1779177921958432,-1.2277003514345073,-0.04978255923866404,-0.2293549907615812,-1.2758694836096531,True
EXOSC10,NEUTRAL,0.020063566450578055,0.13750352374993502,0.028945607820795145,0.16644913157073016,-0.019223524354350575,-0.019223524354350412,False
NDUFV2P1,DIG,-1.7221182093514271,0.632268215499513,-2.4844914004558856,-1.8522231849563726,-2.043335482074632,-2.532660532631032,True
USP24,NEUTRAL,-0.0288592492686161,0.13750352374993502,-0.0416350958036109,0.09586842794632412,-0.0898042279787548,-0.0898042279787548,False
BMPR1AP2,NEUTRAL,0.03439590827877451,0.13750352374993502,0.049622806300659635,0.18712633005059465,0.0014536741255155284,0.0014536741255152085,False
PABPC3,NEUTRAL,0.02925071806942667,0.13750352374993502,0.04219986590120305,0.17970338965113808,-0.00596926627394094,-0.005969266273940779,False
SEC14L1P1,DIG,0.6441371521285976,0.45943161863729726,0.9292934750282675,1.3887250936655648,1.2223072723892152,0.8811243428531228,True
NAV2-AS1,DIG,-1.2267858709611041,0.4195388915137848,-1.7698778922682328,-1.350339000754448,-1.5333899057827078,-1.8180470244433777,True
PLEKHG1,DIG,-0.9803201734437215,0.4329594072761063,-1.4143030527106655,-0.9813436454345592,-1.169116410584638,-1.4624721848858124,True
WNT8B,NEUTRAL,-0.04107358233067652,0.13750352374993502,-0.05925665354001156,0.07824687020992346,-0.10742578571515671,-0.10742578571515653,False
THOC7,NEUTRAL,-0.008270133891579925,0.13750352374993502,-0.011931281152870102,0.12557224259706493,-0.06010041332801519,-0.060100413328015356,False
RPL7P46,DCG,-0.945848557848096,1.2927817492278462,-1.364571023839426,-0.0717892746115798,-0.25415671419499186,-1.4127401560145685,True
RRP1B,DIG,1.551172426157444,0.5109619192773794,2.2378687667810464,2.748830686058426,2.572816493682554,2.1896996346059012,True
NALCN-AS1,NEUTRAL,0.01675837688928702,0.13750352374993502,0.0241772272315226,0.16168075098145762,-0.023991904943621932,-0.023991904943622095,False
FAM217A,DIG,-1.6586021418215515,0.5849625007211562,-2.3928570848137656,-1.8078945840926095,-2.005372589484701,-2.441026216988903,True
ADORA1,DCG,-0.7988797102917015,1.1127001327493624,-1.1525397963046495,-0.03983966355528712,-0.22840560540582874,-1.2007089284797963,True
FLACC1,NEUTRAL,-0.025362370834012167,0.13750352374993502,-0.03659016662741624,0.10091335712251878,-0.08475929880256029,-0.08475929880256064,False
FNDC5,NEUTRAL,0.014166804091921953,0.13750352374993502,0.020438378008661277,0.1579419017585963,-0.027730754166483993,-0.02773075416648432,False
PNMA1,NEUTRAL,0.03580362547242854,0.13750352374993502,0.05165371291491843,0.18915723666485346,0.0034845807397743153,0.0034845807397739957,False
ARID5A,NEUTRAL,0.01301549700497091,0.13750352374993502,0.01877739298377669,0.1562809167337117,-0.029391739191367186,-0.02939173919136686,False
GANAB,DIG,1.578464785861143,0.49825086752782544,2.2772433187797305,2.775494186307556,2.5945869265335646,2.229074186604585,True
ABCB1,DIG,1.2139893842788592,0.523561956057013,1.7514164643909562,2.2749784204479693,2.1048567351219756,1.7032473322158102,True
PMS2,DIG,-0.8988491665163412,0.608809242675524,-1.2967652350403036,-0.6879559923647796,-0.867858842431217,-1.3449343672154488,True
SCAANT1,NEUTRAL,-0.013497448457639031,0.13750352374993502,-0.019472701954490218,0.1180308217954448,-0.06764183412963527,-0.0676418341296351,False
UBE2R2,DIG,-1.4190876114392328,0.4329594072761063,-2.0473106596103454,-1.6143512523342392,-1.8138702650405534,-2.0954797917854915,True
PFKFB2,DCG,-0.9013299492241428,1.1699250014423124,-1.300344247950372,-0.13041924650805958,-0.32310699874676874,-1.3485133801255182,True
SPINK8,NEUTRAL,0.013359473433635081,0.13750352374993502,0.019273646071593185,0.1567771698215282,-0.028895486103552217,-0.028895486103552217,False
DNAJB5-DT,DIG,0.7630874620389897,0.45943161863729726,1.1009024972481956,1.5603341158854929,1.3620382090463152,1.0527333650730482,True
TCP1P3,DIG,-1.3483227940091833,0.523561956057013,-1.9452186084346001,-1.421656652377587,-1.6087748131462485,-1.9933877406097467,True
AQP4-AS1,NEUTRAL,0.07181226770143136,0.13750352374993502,0.1036032024878457,0.24110672623778073,0.055434070312702234,0.05543407031270162,False
TUSC3,NEUTRAL,-0.04222060375601739,0.13750352374993502,-0.06091145566214423,0.07659206808779079,-0.10908058783728998,-0.10908058783728998,False
SLC12A2,NEUTRAL,-0.057704185528226225,0.13750352374993502,-0.08324954230010867,0.05425398144982635,-0.1314186744752543,-0.1314186744752541,False
GSS,DCG,-0.9155768491834131,1.3074285251922473,-1.3208981798696524,-0.01346965467740513,-0.19821343266320904,-1.3690673120447978,True
ZNF431,DIG,-1.4628320272475135,0.4195388915137848,-2.110420511363537,-1.690881619849752,-1.880339644614109,-2.1585896435386824,True
NTN1,NEUTRAL,0.020275714786298672,0.13750352374993502,0.029251673172672122,0.16675519692260715,-0.018917459002471704,-0.01891745900247138,False
ACE,DCG,-0.7512993624798863,1.2479275134435854,-1.0838958644727716,0.1640316489708138,-0.009580382010377976,-1.1320649966479162,True
SZT2,NEUTRAL,-0.06168087999865628,0.13750352374993502,-0.08898669969172866,0.048516824058206356,-0.13715583186687325,-0.13715583186687325,False
CUBN,DSG,0.11939615743258138,-0.7369655941662062,0.17225224422918312,-0.5647133499370232,-0.7503860058621045,0.12408311205403659,False
OLAH,DSG,0.026251991899709375,1.3074285251922473,0.03787361852716795,1.3453021437194153,1.1579824698673726,-0.010295513647977823,False
DIDO1,DCG,-0.8602052001268502,1.4059923596758368,-1.2410137763699052,0.16497858330593163,-0.02217806899010741,-1.2891829085450512,True
FTH1P22,NEUTRAL,-0.0029651344832952596,0.13750352374993502,-0.00427778481461893,0.13322573893531608,-0.05244691698976354,-0.052446916989764204,False
TVP23B,NEUTRAL,-0.022818570548504162,0.13750352374993502,-0.03292023857050191,0.1045832851794331,-0.08108937074564591,-0.0810893707456461,False
MIR4730,DSG,-0.06090025954978718,1.3362833878644325,-0.0878605024413287,1.2484228854231039,1.0637617086267919,-0.13602963461647194,False
RN7SKP296,DSG,0.04651550661420939,-0.7369655941662062,0.06710769071675766,-0.6698579034494485,-0.8555305593745247,0.01893855854161367,False
ACVR2A,NEUTRAL,0.003551614797876613,0.13750352374993502,0.005123897056044448,0.14262742080597945,-0.04304523511910066,-0.04304523511910083,False
DPF1,DSG,-0.18817557918063912,1.1618876823768942,-0.27147997490031656,0.8904077074765777,0.705240425895179,-0.3196491070754615,True
ERVFRD-1,DIG,0.9479922878004555,0.632268215499513,1.3676637724107001,1.999931987910213,1.8093103818951901,1.3194946402355536,True
KLHDC9,DCG,-0.9648950200729969,1.3645724322958561,-1.3920492604377694,-0.027476828141913323,-0.20965357635716664,-1.4402183926129162,True
CARS1,NEUTRAL,-0.010100007777004035,0.13750352374993502,-0.014571231132823687,0.12293229261711133,-0.06274036330796783,-0.06274036330796731,False
FOXO3,DIG,1.7042488648991005,0.405992359675837,2.4587113858305774,2.8647037455064144,2.6753152298724143,2.4105422536554326,True
TP53AIP1,NEUTRAL,0.0028899002868036554,0.13750352374993502,0.004169244812435227,0.14167276856237024,-0.043999887362710016,-0.04399988736271035,False
TNIP1,NEUTRAL,-0.0485687557286962,0.13750352374993502,-0.07006990303193744,0.06743362071799758,-0.11823903520708338,-0.11823903520708304,False
SEPHS1,DSG,0.08108407630381005,1.06177619758669,0.11697959477856908,1.178755792365259,0.9982498572673778,0.06881046260342351,False
SRF,DIG,-1.3269093759300765,0.523561956057013,-1.9143255763633906,-1.3907636203063776,-1.5868465311469389,-1.9624947085385376,True
CCDC196,NEUTRAL,0.03159070559168494,0.13750352374993502,0.045575754295307115,0.18307927804524213,-0.0025933778798376997,-0.0025933778798372183,False
PART1,NEUTRAL,-0.008461142437200093,0.13750352374993502,-0.012206848234403732,0.12529667551553128,-0.060375980409548634,-0.06037598040954847,False
UBR5,DCG,-0.9466901410554356,1.2630344058337937,-1.3657851717591503,-0.10275076592535659,-0.2874530919517955,-1.4139543039342963,True
ANXA10,NEUTRAL,-0.016300013600939543,0.13750352374993502,-0.023515948788498133,0.11398757496143688,-0.07168508096364254,-0.07168508096364237,False
RXYLT1-AS1,DIG,-1.089514088807313,0.5484366246960424,-1.5718365729009682,-1.0233999482049259,-1.207158795781605,-1.6200057050761143,True
ZNF727,DSG,0.08378891777145497,1.145677455195635,0.12088185615033123,1.2665593113459663,1.0825548803112894,0.0727127239751864,False
LIN28B,DIG,1.2910448889787756,0.3923174227787603,1.8625840588947218,2.2549014816734823,2.057531547076747,1.8144149267195764,True
DNAJB1,DIG,1.3566834042177542,0.560714954474479,1.9572804193213111,2.5179953737957903,2.3348469405244834,1.909111287146165,True
NECAP1,DIG,-0.9245380708812903,0.49825086752782544,-1.3338264899734864,-0.835575622445661,-1.0113201090477475,-1.3819956221486325,True
RAB4B,DIG,1.343323649596983,0.53605290024021,1.9380063675824308,2.474059267822641,2.282956708340868,1.8898372354072839,True
GPR19,DIG,-1.5707603713592952,0.49825086752782544,-2.266128198184962,-1.7678773306571365,-1.9532353049070443,-2.314297330360107,True
C2CD2,DIG,-1.0267386553207043,0.4854268271702419,-1.4812707663201827,-0.9958439391499408,-1.183336635006516,-1.5294398984953286,True
DTHD1,NEUTRAL,0.0426696698734405,0.13750352374993502,0.06155932112278181,0.19906284487271683,0.013390188947636552,0.013390188947636552,False
KIF17,NEUTRAL,-0.015752776576686632,0.13750352374993502,-0.022726452647417624,0.11477707110251739,-0.07089558482256185,-0.0708955848225622,False
SPOP,DSG,-0.04923998539749822,1.2249663650002742,-0.07103828274641566,1.1539280822538585,0.9635671256763458,-0.11920741492156199,False
ARRDC2,DIG,-0.7436215429642652,0.49825086752782544,-1.0728191123327446,-0.5745682448049192,-0.7627562249251082,-1.1209882445078903,True
CYP4F11,DIG,0.8112769505905494,0.4462562298895641,1.1704252334045062,1.6166814632940703,1.4234145884695886,1.122256101229361,True
PIRT,NEUTRAL,-0.007353853415328272,0.13750352374993502,-0.010609367853718465,0.12689415589621655,-0.05877850002886246,-0.058778500028862625,False
SATB1,NEUTRAL,-0.005453352462338204,0.13750352374993502,-0.007867524553634944,0.1296359991963001,-0.05603665672877864,-0.056036656728778805,False
EIF3LP1,NEUTRAL,0.06233791228794312,0.13750352374993502,0.08993459691718672,0.22743812066712174,0.04176546474204086,0.041765464742041174,False
PRPF38AP2,DSG,0.00391059153413936,-0.7369655941662062,0.0056417910132452185,-0.731323803152961,-0.9169964590780404,-0.04252734116189892,False
ADRA1B,NEUTRAL,-0.0049640408364267155,0.13750352374993502,-0.0071615970974831245,0.1303419266524519,-0.0553307292726283,-0.055330729272627964,False
RHBDF1P1,DIG,-0.5727033483093299,0.3645724322958561,-0.826236280506375,-0.46166384821051887,-0.6385089220944841,-0.8744054126815173,True
GET3,DIG,0.8042317983201417,0.4724877714627438,1.1602612271616815,1.6327489986244252,1.4373054425476217,1.1120920949865363,True
TMEM106C,DIG,-1.17840090166495,0.4724877714627438,-1.7000731370111062,-1.2275853655483624,-1.4166910861247475,-1.7482422691862531,True
GFAP,NEUTRAL,0.03360624842379822,0.13750352374993502,0.04848356794389624,0.18598709169383126,0.000314435768750947,0.000314435768750947,False
CTNNBIP1,NEUTRAL,0.006874818811829308,0.13750352374993502,0.009918267006836299,0.1474217907567713,-0.03825086516830917,-0.038250865168309,False
HSPA9P1,NEUTRAL,-0.010149853059218741,0.13750352374993502,-0.014643142674286553,0.12286038107564846,-0.06281227484943033,-0.0628122748494305,False
ANK3-DT,DIG,-1.5974826141848153,0.4724877714627438,-2.30468024539077,-1.8321924739280264,-2.0178092501641864,-2.3528493775658954,True
ZNF570,DSG,-0.04718391192965738,1.145677455195635,-0.06807199575065831,1.0776054594449767,0.8951058182815246,-0.11624112792580413,False
LINC00885,DSG,-0.04577368549906973,-0.7369655941662062,-0.06603746907271896,-0.8030030632389251,-0.9886757191640057,-0.11420660124786436,False
TIMP2,DSG,-0.07890022060619739,1.1618876823768942,-0.11382895699360618,1.048058725383288,0.8678194484829003,-0.1619980891687517,False
PROC,NEUTRAL,0.0014204855491739873,0.13750352374993502,0.0020493274574477473,0.13955285120738276,-0.04611980471769763,-0.046119804717697464,False
TMEM176A,DIG,1.244218499899033,0.5109619192773794,1.7950278595866402,2.30598977886402,2.1289890523152515,1.746858727411493,True
FAM168B,NEUTRAL,-0.037231325549644825,0.13750352374993502,-0.05371344873619515,0.08379007501373986,-0.10188258091133913,-0.10188258091133948,False
OCEL1,DIG,1.1922588377275498,0.5109619192773794,1.7200659126455755,2.231027831922955,2.0299958727366834,1.6718967804704299,True
CLNK,NEUTRAL,-4.574032709406137e-05,0.13750352374993502,-6.598934306724143e-05,0.1374375344068678,-0.04823512151821177,-0.04823512151821194,False
LINC00954,DIG,-1.562861734586953,0.405992359675837,-2.2547328740837207,-1.8487405144078837,-2.0355910086412097,-2.3029020062588645,True
MARCHF11,DSG,0.006465257573611121,1.1375035237499351,0.009327395039518576,1.1468309187894536,0.9724082061208704,-0.03884173713562745,False
SAP30-DT,NEUTRAL,-0.0067215056572481925,0.13750352374993502,-0.00969708287901908,0.12780644087091594,-0.0578662150541633,-0.0578662150541638,False
FAM222B,DIG,1.5680545657596618,0.5109619192773794,2.262224545864761,2.7731864651421407,2.5967061411004244,2.2140554136896142,True
DDX25,NEUTRAL,-0.008199087499496705,0.13750352374993502,-0.01182878287533859,0.12567474087459643,-0.05999791505048388,-0.05999791505048355,False
CBLL1,DIG,-1.6177705614732394,0.5484366246960424,-2.3339495663335965,-1.7855129416375541,-1.9699060016081371,-2.382118698508743,True
NLN,NEUTRAL,-0.007270286076025939,0.13750352374993502,-0.010488805667726704,0.12701471808220832,-0.058657937842870614,-0.05865793784287078,False
UBA52P6,NEUTRAL,-0.0034202256219822984,0.13750352374993502,-0.0049343425435552325,0.13256918120637978,-0.053103474718700375,-0.05310347471870054,False
FCGRT,DIG,-0.651759019211517,0.560714954474479,-0.9402895048711103,-0.37957455039663124,-0.5673836699758334,-0.9884586370462555,True
RNU6-1039P,NEUTRAL,-0.014879958964963675,0.13750352374993502,-0.021467243007384368,0.11603628074255065,-0.0696363751825293,-0.06963637518252981,False
NFS1,DCG,-0.7675827612932299,1.2779847472997656,-1.1073878431895998,0.17059690411016581,-0.02041052096209816,-1.1555569753647459,True
POLE2,NEUTRAL,-0.03159905048310252,0.13750352374993502,-0.045587793428772005,0.09191573032116301,-0.09375692560391635,-0.09375692560391585,False
ZNF780B,DSG,-0.11843664601718558,1.412781525338476,-0.17086796186851524,1.2419135634699607,1.0519606693523973,-0.21903709404366092,False
OBP2B,NEUTRAL,-0.02955120695985449,0.13750352374993502,-0.042633379733265496,0.09487014401666952,-0.09080251190841129,-0.09080251190841078,False
EEF1GP3,NEUTRAL,-0.03173693146544383,0.13750352374993502,-0.04578671363822872,0.09171681011170629,-0.09395584581337316,-0.0939558458133735,False
LMBR1,DIG,1.5072386790588126,0.45943161863729726,2.174485767714181,2.633917386351478,2.4472440586560773,2.126316635539034,True
MUC13,DIG,-1.5646963300015644,0.45943161863729726,-2.257379635790418,-1.7979480171531206,-1.9784157344620936,-2.305548767965562,True
GRM1,DIG,-0.5551569745708964,0.45943161863729726,-0.8009222141283526,-0.34149059549105537,-0.5275860963909154,-0.8490913463034958,True
MINDY3,DSG,-0.02102457630871885,1.485426827170242,-0.030332051977380273,1.4550947751928618,1.2674528030546868,-0.07850118415252595,False
SLC37A3,DIG,1.0938002941497407,0.5728896684205812,1.5780202600927202,2.1509099285133013,1.9715441528339241,1.5298511279175742,True
UBE2D3P3,DCG,-0.8622177301577968,1.3504972470841334,-1.243917243465192,0.10658000361894149,-0.08158286294921127,-1.2920863756403305,True
GPRIN3,NEUTRAL,0.06570568967012971,0.13750352374993502,0.09479327264528532,0.23229679639522033,0.046624140470141094,0.04662414047014078,False
USP38,NEUTRAL,0.04985040414213159,0.13750352374993502,0.07191893084216389,0.2094224545920989,0.02374979866702021,0.02374979866702021,False
SMIM23,DIG,1.6853612178241024,0.4854268271702419,2.4314622710614167,2.9168890982316587,2.7337731374290914,2.383293138886266,True
MTCO1P28,DSG,-0.01313263301713227,1.3434078222978139,-0.018946384527631394,1.3244614377701824,1.1418537759680611,-0.06711551670277587,False
RN7SKP161,DIG,1.0836051392666775,0.45943161863729726,1.56331176070183,2.0227433793391274,1.837322894757329,1.5151426285266836,True
SNORD121B,DIG,0.5733402279997061,0.4724877714627438,0.8271551036773236,1.2996428751400675,1.1021384041105133,0.7789859715021776,True
EGLN2,DIG,-1.286281587890442,0.4724877714627438,-1.855712068036322,-1.3832242965735781,-1.5647991201781495,-1.9038812002114667,True
BCL6,DSG,0.1292505304528887,1.0789513413948222,0.18646909931665048,1.2654204407114726,1.07546202633346,0.13829996714150602,False
TBC1D15,DIG,1.4612610943087452,0.53605290024021,2.1081541342032066,2.6442070344434168,2.45794969744663,2.0599850020280592,True
SNRPEP4,NEUTRAL,-0.014217278465218582,0.13750352374993502,-0.020511197136708303,0.11699232661322671,-0.06868032931185353,-0.06868032931185386,False
PDZD2,DSG,0.10150838031286655,1.412781525338476,0.14644563688604345,1.5592271622245193,1.369103819781524,0.09827650471089767,False
IFT27,NEUTRAL,-0.004639192855646175,0.13750352374993502,-0.006692940526568245,0.13081058322336678,-0.054862072701711916,-0.05486207270171158,False
RNF157-AS1,DSG,-0.010285516215369678,1.4594316186372973,-0.014838863236896855,1.4445927554004006,1.2602337047038992,-0.0630079954120438,False
TMEM9B-AS1,NEUTRAL,0.012664025213675819,0.13750352374993502,0.0182703263734629,0.15577385012339792,-0.02989880580168234,-0.029898805801682502,False
SLC17A9,DCG,-0.9414924088328752,1.3362833878644325,-1.3582864292577936,-0.022003041393361178,-0.2073399095105138,-1.4064555614329393,True
SF3B5,DIG,-1.1369451801704835,0.4462562298895641,-1.6402651731945657,-1.1940089433050016,-1.3844245299544036,-1.688434305369712,True
LENG8,DIG,-1.0483662034204082,0.5109619192773794,-1.512472722710213,-1.0015108034328337,-1.1919006217810202,-1.560641854885358,True
MAGOHB,DIG,-0.6030311240250498,0.5728896684205812,-0.8699900121326368,-0.2971003437120556,-0.47428305636574425,-0.9181591443077827,True
GEMIN6,DIG,-0.8407043455322396,0.5484366246960424,-1.2128799901531637,-0.6644433654571213,-0.846616528497165,-1.2610491223283098,True
FAM237B,DIG,1.0019926613819334,0.523561956057013,1.4455698435828497,1.9691317996398627,1.7897409599377265,1.3974007114077038,True
KIAA1671,NEUTRAL,-0.008239662710013489,0.13750352374993502,-0.01188732053033418,0.12561620321960085,-0.060056452705477784,-0.06005645270547795,False
MDC1-AS1,DIG,0.7719224529564194,0.5728896684205812,1.1136486948310704,1.6865383632516515,1.502596273205281,1.065479562655924,True
ZNF701,DIG,1.5765056851340005,0.5849625007211562,2.27441693387608,2.859379434597236,2.665621809834906,2.226247801700933,True
RCCD1-AS1,NEUTRAL,0.006806219391750875,0.13750352374993502,0.009819298963681285,0.1473228227136163,-0.03834983321146459,-0.038349833211464755,False
TAS2R13,DIG,-1.2402342834116846,0.5109619192773794,-1.7892798502185148,-1.2783179309411352,-1.4457199335067423,-1.837448982393648,True
MESTP4,NEUTRAL,0.02948042651643535,0.13750352374993502,0.04253126513855278,0.18003478888848778,-0.0056378670365929235,-0.005637867036592763,False
KCNT2,DCG,-0.9523461835286863,1.2705289423807182,-1.3739451161863663,-0.10341617380564805,-0.29016652596130643,-1.4221142483615115,True
MAG,DSG,0.08314050107049985,-3.321928094887362,0.11994638859143368,-3.2019817062959284,-3.3876543622210074,0.0717772564162876,False
SNRPG,DIG,1.2934462207840263,0.4724877714627438,1.866048448381686,2.3385362198444297,2.1531805355551423,1.8178793162065405,True
NAV3,DIG,-1.5933647665575192,0.560714954474479,-2.298739447039734,-1.738024492565255,-1.923411030152896,-2.3469085792148796,True
HIVEP2,DIG,1.1660367090318597,0.4462562298895641,1.6822353776147514,2.1284916075043157,1.9394237436566635,1.6340662454396042,True
TAF9BP1,NEUTRAL,0.0031152855279426186,0.13750352374993502,0.004494406982115972,0.141997930732051,-0.043674725193028646,-0.04367472519302848,False
DUSP26,NEUTRAL,0.006406459118240023,0.13750352374993502,0.009242566799542763,0.1467460905494778,-0.03892656537560117,-0.03892656537560117,False
SNORA59A,NEUTRAL,-0.0006298550773281511,0.13750352374993502,-0.0009086887965400581,0.13659483495339497,-0.04907782097168489,-0.04907782097168473,False
DHX37,NEUTRAL,-0.02532189963160515,0.13750352374993502,-0.03653177902440482,0.1009717447255302,-0.08470091119954905,-0.08470091119954905,False
DCAF17,NEUTRAL,0.03215796048743841,0.13750352374993502,0.046394130120330626,0.18389765387026563,-0.0017750020548138918,-0.0017750020548137314,False
EPHB6,DIG,1.149962834673681,0.523561956057013,1.6590456787903345,2.1826076348473475,1.9932974322048298,1.6108765466151893,True
DNAJC8P1,DIG,-0.7807578819269775,0.49825086752782544,-1.1263955243910213,-0.6281446568631959,-0.7984456673849166,-1.1745646565661672,True
GCKR,DIG,1.2780799238564484,0.4724877714627438,1.8438795680074422,2.316367339470186,2.1329411339800743,1.7957104358322966,True
RO60,DCG,-0.8537284173225567,1.1210154009613662,-1.2316697539372359,-0.11065435297586967,-0.29045206718644934,-1.2798388861123822,True
ERCC8-AS1,NEUTRAL,-0.031174597047747464,0.13750352374993502,-0.04497543656249699,0.09252808718743803,-0.09314456873764142,-0.09314456873764142,False
TBCCD1,DSG,0.00615983740968293,-0.7369655941662062,0.008886766883631882,-0.7280788272825743,-0.9137514832076545,-0.03928236529151317,False
AIFM2,NEUTRAL,-0.04639034343917292,0.13750352374993502,-0.06692711842483064,0.07057640532510438,-0.11509625059997526,-0.11509625059997544,False
DSC1,NEUTRAL,-0.0017655132353926707,0.13750352374993502,-0.0025470971893248352,0.1349564265606102,-0.0507162293644695,-0.0507162293644695,False
MRPS15,NEUTRAL,-0.09573891436803546,0.13750352374993502,-0.13812205697885788,-0.0006185332289228573,-0.18629118915400378,-0.18629118915400342,False
MDFIC,DIG,-1.4663981685953804,0.45943161863729726,-2.1155653658012135,-1.6561337471639161,-1.8466314346374857,-2.163734497976361,True
HMGB1P21,NEUTRAL,-0.043521761706460556,0.13750352374993502,-0.06278862978466183,0.07471489396527319,-0.11095776195980657,-0.11095776195980588,False
PALLD,NEUTRAL,0.019542196547489902,0.13750352374993502,0.028193430047141102,0.1656969537970761,-0.01997570212800255,-0.01997570212800255,False
SNORD69,NEUTRAL,-0.06279765183454784,0.13750352374993502,-0.09059786088117389,0.04690566286876113,-0.13876699305631823,-0.1387669930563186,False
LDB1,NEUTRAL,-0.08131332533731601,0.13750352374993502,-0.11731033122233672,0.020193192527598297,-0.16547946339748146,-0.1654794633974813,False
FAM76B,NEUTRAL,-0.07455465610867522,0.13750352374993502,-0.10755963264316781,0.029943891106767206,-0.15572876481831405,-0.15572876481831388,False
FAM107B,DSG,-0.07269506016074496,-0.7369655941662062,-0.1048768027910316,-0.8418423969572378,-1.0275150528823187,-0.15304593496617747,False
PGS1,DSG,0.012362094732083242,1.4918530963296748,0.01783473276497607,1.509687829094651,1.3235698875266868,-0.03033439941017011,False
TXK,NEUTRAL,0.006330435620376747,0.13750352374993502,0.009132888076184382,0.1466364118261194,-0.03903624409895986,-0.03903624409895986,False
KLHL20,DCG,-0.8016825367362453,1.4594316186372973,-1.1565834201166654,0.30284819852063194,0.12082133809518485,-1.2047525522918126,True
CD38,NEUTRAL,-0.007945092136315486,0.13750352374993502,-0.011462345024468253,0.12604117872546677,-0.05963147719961327,-0.05963147719961377,False
ISY1,DIG,1.62629651565473,0.4462562298895641,2.3462499181500793,2.7925061480396436,2.6045011101325826,2.298080785974933,True
RAB3A,DIG,0.7054916128020483,0.6205864104518776,1.017809251178272,1.6383956616301494,1.459784261466897,0.9696401190031244,True
PRR14L,NEUTRAL,-0.004110496747801262,0.13750352374993502,-0.005930193273643093,0.13157333047629194,-0.05409932544878745,-0.054099325448787115,False
C1orf122,NEUTRAL,0.00128738505582292,0.13750352374993502,0.0018573040357502879,0.13936082778568532,-0.046311828139393975,-0.04631182813939381,False
ERN2,DSG,-0.043200457047851804,1.2630344058337937,-0.06232508514707247,1.2007093206867212,1.0207926044834927,-0.11049421732221615,False
EMC7,NEUTRAL,-0.024420372551189465,0.13750352374993502,-0.035231150376262,0.10227237337367301,-0.08340028255140663,-0.08340028255140612,False
TUBB8P2,DIG,-1.193122790695382,0.4724877714627438,-1.7213123333078284,-1.2488245618450846,-1.428001359209114,-1.7694814654829623,True
TTC4,NEUTRAL,0.020155455649131952,0.13750352374993502,0.029078175911860113,0.16658169966179515,-0.019090956263284588,-0.019090956263284914,False
FBLIM1,NEUTRAL,0.019490017844131645,0.13750352374993502,0.02811815209056613,0.16562167584050114,-0.02005098008457941,-0.020050980084579572,False
SNAPC4,NEUTRAL,-0.04701482543408212,0.13750352374993502,-0.06782805550201058,0.06967546824792444,-0.11599718767715557,-0.1159971876771561,False
MSMO1,NEUTRAL,0.045914336056427515,0.13750352374993502,0.0662403849343173,0.20374390868425232,0.018071252759171406,0.018071252759171406,False
MRPL58,DSG,-0.11019117027827109,1.2630344058337937,-0.15897225491021305,1.1040621509235806,0.9143755442943376,-0.20714138708535995,False
FBXO43,DCG,-0.6457772621810192,1.145677455195635,-0.9316596536674083,0.2140178015282267,0.029195032502934554,-0.9798287858425534,True
KLRD1,DIG,0.9139176699570528,0.523561956057013,1.3185044902278364,1.8420664462848495,1.6723468909797665,1.2703353580526906,True
RAG2,DIG,1.1505203967082855,0.45943161863729726,1.6598500707726465,2.1192816894099438,1.9340175740283543,1.6116809385975022,True
KCNJ2,DSG,-0.054008202318163154,1.3291235962915664,-0.0779173656517418,1.2512062306398246,1.0654193417102733,-0.12608649782688755,False
RPL13P2,DCG,-0.9853492977907962,1.399171093819823,-1.421558545466204,-0.022387451646381118,-0.20809842379064544,-1.4697276776413486,True
STAT3,NEUTRAL,0.037569770686223754,0.13750352374993502,0.05420172185635056,0.19170524560628557,0.006032589681205468,0.006032589681205788,False
VDAC1P5,DIG,1.0106225634171109,0.45943161863729726,1.458020160452358,1.9174517790896553,1.7292278154331648,1.4098510282772123,True
LINC01018,DSG,-0.03879788761824314,1.3645724322958561,-0.055973520063806695,1.3085989122320494,1.1271117226664031,-0.10414265223895147,False
CDON,NEUTRAL,-0.000838185840801388,0.13750352374993502,-0.0012092465558675087,0.1362942771940675,-0.04937837873101385,-0.04937837873101368,False
TMEM143,DIG,-1.3426621062310744,0.560714954474479,-1.9370519622491016,-1.3763370077746226,-1.568596689131591,-1.9852210944242477,True
BNIP5,DIG,-1.3264933006245267,0.5969351423872323,-1.9137253065834379,-1.3167901641962056,-1.504778440776379,-1.961894438758577,True
GSDMC,DCG,-0.9891058895549246,1.3645724322958561,-1.4269781617749566,-0.0624057294791005,-0.24584170999580873,-1.4751472939501014,True
GLI4,DCG,-1.0000905885241917,1.3291235962915664,-1.4428257325035763,-0.11370213621200986,-0.30227928443848473,-1.4909948646787212,True
ADD1,NEUTRAL,0.03450322907097453,0.13750352374993502,0.04977763747535087,0.18728116122528587,0.0016085053002056968,0.0016085053002060166,False
MTCH1,DIG,-1.043917298962977,0.5969351423872323,-1.5060543103120885,-0.9091191679248561,-1.0993656051019507,-1.5542234424872357,True
ANKEF1,DSG,-0.11764529647722544,1.2779847472997656,-0.16972628581160498,1.1082584614881608,0.925836859557554,-0.21789541798675166,False
JMY,NEUTRAL,-0.035984556306849415,0.13750352374993502,-0.05191474093248133,0.08558878281745369,-0.10008387310762495,-0.10008387310762495,False
GNRH1,NEUTRAL,0.015008090073983137,0.13750352374993502,0.02165209712295035,0.15915562087288537,-0.026517035052194046,-0.026517035052193393,False
FGF20,NEUTRAL,0.05611103976273501,0.13750352374993502,0.08095111880482124,0.21845464255475627,0.032781986629675935,0.032781986629675935,False
MED28,NEUTRAL,-0.02346013092582622,0.13750352374993502,-0.0338458145452953,0.10365770920463972,-0.08201494672044059,-0.08201494672044042,False
CRIP1P2,NEUTRAL,-0.008369811707359174,0.13750352374993502,-0.012075085843381468,0.12542843790655356,-0.06024421801852657,-0.06024421801852607,False
HHIPL2,DCG,-0.7649522958781068,1.1699250014423124,-1.1035928837799718,0.0663321176623406,-0.11573438705992406,-1.1517620159551176,True
CASP1,NEUTRAL,-0.02117543019236968,0.13750352374993502,-0.03054968812722217,0.10695383562271285,-0.07871882030236747,-0.07871882030236747,False
GSTA2,DIG,-1.202307191349488,0.5969351423872323,-1.7345626225850443,-1.137627480197812,-1.3266204918610724,-1.7827317547601897,True
BTG1,DIG,-1.0203512161352977,0.45943161863729726,-1.472055639483417,-1.0126240208461197,-1.195254374614077,-1.520224771658563,True
ACTG1P25,DCG,-1.0773146862702718,1.439623137557117,-1.5542365553589708,-0.11461341780185386,-0.297423773418945,-1.6024056875341144,True
ING4,DIG,-0.7000295381973556,0.5728896684205812,-1.0099291432331161,-0.4370394748125349,-0.6187117700582077,-1.0580982754082624,True
LINC01163,NEUTRAL,-0.006697741791646043,0.13750352374993502,-0.009662798867962508,0.1278407248819725,-0.05783193104310717,-0.057831931043107,False
ODAPH,DIG,-1.5177735855730794,0.4195388915137848,-2.1896844250985423,-1.7701455335847576,-1.9480149761382914,-2.2378535572736795,True
DDX6,NEUTRAL,0.012733742205168073,0.13750352374993502,0.018370906731354473,0.1558744304812895,-0.029798225443791217,-0.029798225443791383,False
LINC02422,DIG,1.3694376157757142,0.5969351423872323,1.9756808570864286,2.572615999473661,2.3897781035255172,1.9275117249112814,True
POLR2D,NEUTRAL,0.0066166625821349415,0.13750352374993502,0.009545826294481644,0.14704935004441666,-0.038623305880664004,-0.03862330588066434,False
BTBD2,NEUTRAL,0.01987851366396544,0.13750352374993502,0.028678633083246436,0.16618215683318147,-0.019490499091898796,-0.019490499091898955,False
STK24-AS1,NEUTRAL,0.046903490870883066,0.13750352374993502,0.06766743367980377,0.2051709574297388,0.019498301504658252,0.019498301504658252,False
FRAT2,NEUTRAL,-0.011394132493962853,0.13750352374993502,-0.016438258444272005,0.12106526530566301,-0.06460739061941764,-0.06460739061941764,False
FAM228A,DIG,-1.5069494471637874,0.4854268271702419,-2.1740684942935613,-1.6886416671233193,-1.8765679201139414,-2.222237626468706,True
PPP2CB,NEUTRAL,-0.05163136169335531,0.13750352374993502,-0.0744883094693481,0.06301521428058691,-0.12265744164449215,-0.12265744164449215,False
PKNOX2,NEUTRAL,-0.013868018395221112,0.13750352374993502,-0.02000732136574242,0.1174962023841926,-0.06817645354088823,-0.06817645354088857,False
ADORA2BP1,DCG,-0.8218571695280046,1.20945336562895,-1.1856892627970923,0.023764102831857592,-0.16086421056028305,-1.2338583949722322,True
DAP3,DCG,-0.8990373169928213,1.399171093819823,-1.2970366787996623,0.10213441502016063,-0.08384183395146018,-1.345205810974808,True
STX8,NEUTRAL,0.025930171271363614,0.13750352374993502,0.03740932950259775,0.17491285325253278,-0.010759802672546984,-0.010759802672546339,False
CBX2,DSG,0.05538588264378502,1.4195388915137848,0.07990493822544677,1.4994438297392316,1.308556258485868,0.03173580605030122,False
GRIN2A,DCG,-0.8786960295960033,1.3291235962915664,-1.2676904043469759,0.061433191944590515,-0.12760769643563713,-1.3158595365221213,True
CLCN6,NEUTRAL,0.0021212894324015787,0.13750352374993502,0.0030603737444159216,0.14056389749435094,-0.04510875843072816,-0.04510875843072783,False
MAST1,DIG,1.2972048043982145,0.560714954474479,1.871470938322642,2.432185892797121,2.232146181445315,1.8233018061474953,True
TNFSF14,NEUTRAL,-0.035085000995672355,0.13750352374993502,-0.05061695694604085,0.08688656680389417,-0.09878608912118472,-0.09878608912118439,False
RNF150,NEUTRAL,-0.005438960068006979,0.13750352374993502,-0.007846760717706769,0.12965676303222826,-0.0560158928928517,-0.0560158928928522,False
SRFBP1,NEUTRAL,-0.01892127586677244,0.13750352374993502,-0.027297630860284625,0.1102058928896504,-0.07546676303542882,-0.07546676303542882,False
IGSF8,DCG,0.7549720145789752,-0.7369655941662062,1.0891943814430378,0.3522287872768316,0.16655613135175018,1.0410252492678915,True
CNTNAP5,NEUTRAL,0.00132614724286661,0.13750352374993502,0.00191322605077223,0.13941674980070726,-0.04625590612437226,-0.04625590612437276,False
CIAO2A,NEUTRAL,-0.012588316378677938,0.13750352374993502,-0.018161101612659977,0.11934242213727504,-0.06633023378780348,-0.06633023378780331,False
PRKXP1,DIG,-0.7154717640441542,0.523561956057013,-1.03220756588258,-0.5086456098255671,-0.7019999680968797,-1.0803766980577254,True
FAM83A,DCG,-0.8293234824473085,1.1618876823768942,-1.1964608754194972,-0.03457319304260298,-0.2176587276309643,-1.2446300075946437,True
ZNF599,DSG,-0.06011922349331498,1.1937717433966801,-0.08673370559590078,1.1070380378007794,0.9210145256860816,-0.13490283777104617,False
ZNF585B,DSG,0.01175877539157926,1.2854022188622483,0.016964326944358576,1.302366545806607,1.1150721004420696,-0.03120480523078754,False
JPH3,NEUTRAL,-0.0009397817378409238,0.13750352374993502,-0.0013558184527011127,0.1361477052972339,-0.04952495062784654,-0.04952495062784637,False
ZNF709,DIG,-1.1193913566798532,0.4724877714627438,-1.6149403590959932,-1.1424525876332494,-1.3382625925586455,-1.6631094912711393,True
MDGA2,NEUTRAL,-0.001096990638910265,0.13750352374993502,-0.0015826229546574548,0.13592090079527758,-0.04975175512980174,-0.04975175512980191,False
VIM-AS1,DSG,0.010669064884272534,1.1538053360790355,0.015392206999462569,1.169197543078498,0.9810616594221705,-0.03277692517568357,False
METTL8P1,DIG,0.884358321529522,0.560714954474479,1.2758593648395289,1.8365743193140078,1.6493890462761724,1.2276902326643844,True
HERPUD2,DIG,-1.4473577597530842,0.5969351423872323,-2.0880958623879344,-1.491160720000702,-1.6607739009300322,-2.13626499456308,True
C18orf63,NEUTRAL,0.039408890006510995,0.13750352374993502,0.05685501017933205,0.19435853392926705,0.008685878004187254,0.008685878004187254,False
SATB1-AS1,NEUTRAL,-0.02242991131925495,0.13750352374993502,-0.032359521827868346,0.10514400192206667,-0.08052865400301394,-0.08052865400301361,False
RTKN,DIG,-0.7870527719069607,0.4724877714627438,-1.1354771309480847,-0.6629893594853409,-0.8417457324850055,-1.183646263123231,True
MIR1-1HG,DCG,-0.9362784687628458,1.2172307162206693,-1.35076430377527,-0.13353358755460065,-0.32626166866117706,-1.3989334359504086,True
SERTAD2,DIG,-0.7930492917291836,0.4195388915137848,-1.144128280358198,-0.7245893888444133,-0.9022327987847544,-1.1922974125333428,True
ACAA1,NEUTRAL,0.04850704285367778,0.13750352374993502,0.06998087017318937,0.2074843939231244,0.02181173799804305,0.02181173799804336,False
THOP1,NEUTRAL,-0.033344833336296426,0.13750352374993502,-0.04810642569354384,0.08939709805639118,-0.09627555786868705,-0.09627555786868722,False
LMNTD2-AS1,NEUTRAL,-0.03453468299200383,0.13750352374993502,-0.04982301589123636,0.08768050785869866,-0.09799214806637999,-0.09799214806638015,False
TCP11L1,DIG,1.018509379004718,0.4195388915137848,1.4693984301890044,1.8889373217027892,1.7098756259513368,1.4212292980138574,True
SKP1P2,DIG,-0.67115030017926,0.5849625007211562,-0.9682652097597577,-0.38330270903860153,-0.5738781459344777,-1.0164343419349031,True
PNKD,NEUTRAL,0.0016203549529203592,0.13750352374993502,0.002337678055058072,0.1398412018049931,-0.04583145412008524,-0.045831454120085574,False
COIL,DSG,0.07359652057602323,1.0531113364595626,0.10617733526171128,1.1592886717212738,0.974748913551322,0.05800820308656607,False
DPH2,NEUTRAL,-0.0012944740801418904,0.13750352374993502,-0.0018675313359800079,0.13563599241395502,-0.050036663511125325,-0.05003666351112516,False
PRKCB,DSG,-0.03375159210241884,-0.7369655941662062,-0.048693254548266764,-0.785658848714473,-0.9713315046395539,-0.0968623867234127,False
ABRACL,DIG,0.8955629030923644,0.523561956057013,1.2920241590954775,1.8155861151524904,1.6313485979118685,1.243855026920333,True
DUSP14,DIG,0.9445465674817917,0.5109619192773794,1.3626926487946736,1.873654568072053,1.6956999123332677,1.3145235166195288,True
DSG3,NEUTRAL,-0.005413694952319106,0.13750352374993502,-0.007810310860596387,0.12969321288933863,-0.055979443035740886,-0.055979443035740886,False
PSCA,DCG,-0.79669789357497,1.20945336562895,-1.1493921001472924,0.060061265481657466,-0.12343161319309319,-1.1975612323224383,True
RPL12P35,NEUTRAL,-0.00959441635945447,0.13750352374993502,-0.013841816902008905,0.12366170684792611,-0.06201094907715491,-0.062010949077154744,False
CTSS,DCG,-0.8279772565786758,1.2705289423807182,-1.1945186820349045,0.07601026034581371,-0.11112001529813635,-1.2426878142100493,True
TWNK,NEUTRAL,-0.002619026715922776,0.13750352374993502,-0.003778456855017497,0.13372506689491753,-0.051947589030162444,-0.051947589030162444,False
MIR6774,NEUTRAL,0.019273425258102467,0.13750352374993502,0.02780567504080852,0.16530919879074354,-0.020363457134335815,-0.020363457134335978,False
KCNIP4,NEUTRAL,0.03163846525153915,0.13750352374993502,0.04564465691973332,0.18314818066966834,-0.0025244752554105182,-0.0025244752554105182,False
SNED1-AS1,NEUTRAL,-0.02781198267065504,0.13750352374993502,-0.040124209476243816,0.0973793142736912,-0.08829334165138847,-0.08829334165138847,False
RPL10P12,DSG,0.040744286986521085,1.3923174227787602,0.058781580780010695,1.451099003558771,1.265885755420949,0.010612448604866414,False
DTNB-AS1,DIG,1.091026144866983,0.405992359675837,1.5740180086798001,1.9800103683556372,1.8024377013864565,1.525848876504655,True
MIR658,NEUTRAL,0.019849309350693695,0.13750352374993502,0.028636500165316728,0.16614002391525173,-0.01953263200982862,-0.01953263200982862,False
XKR4,DCG,-1.027917954990516,1.3575520046180838,-1.4829721361055421,-0.12542013148745834,-0.30937810536952093,-1.5311412682806869,True
KIAA1191,DIG,-1.4213585792662404,0.49825086752782544,-2.0505869736323876,-1.5523361061045622,-1.7340849596052743,-2.098756105807533,True
LBX2,DIG,-1.5139751145076759,0.4329594072761063,-2.1842043897295245,-1.7512449824534182,-1.9255657047871069,-2.232373521904671,True
C21orf91-OT1,DIG,-0.9112270682918187,0.5109619192773794,-1.3146227725483957,-0.8036608532710162,-0.9978161892140113,-1.362791904723537,True
HSPD1P1,DSG,-0.03993845073738909,1.3074285251922473,-0.0576190048196194,1.2498095203726278,1.070667732165869,-0.10578813699476602,False
SDC3,NEUTRAL,0.01974556969151578,0.13750352374993502,0.028486835473477235,0.16599035922341226,-0.019682296701667653,-0.01968229670166814,False
MYO1B,NEUTRAL,0.015925216578590546,0.13750352374993502,0.022975230983015286,0.1604787547329503,-0.025193901192129164,-0.025193901192129164,False
LSM12,NEUTRAL,-0.010937713810512877,0.13750352374993502,-0.015779785473089655,0.12172373827684536,-0.06394891764823483,-0.06394891764823483,False
RPS23P6,DCG,-0.9553748581794298,1.439623137557117,-1.3783145700854602,0.061308567471656694,-0.12649143789089984,-1.4264837022605954,True
SAP30L,NEUTRAL,0.022475040174724938,0.13750352374993502,0.03242462900385589,0.16992815275379092,-0.015744503171287474,-0.015744503171287474,False
RPL23AP37,DIG,-0.8310813705161505,0.3645724322958561,-1.1989969718188536,-0.8344245395229974,-1.018724406559103,-1.247166103993987,True
FUT1,DIG,1.7236534888341442,0.5969351423872323,2.4867063405519803,3.0836414829392127,2.889078773012932,2.438537208376833,True
RASGEF1A,DIG,1.1611549936977652,0.523561956057013,1.6751925511112213,2.198754507168234,2.0182829072765243,1.627023418936076,True
SOX7,NEUTRAL,0.016125128707471816,0.13750352374993502,0.023263643219965848,0.16076716696990087,-0.02490548895517875,-0.02490548895517875,False
MAEL,DCG,-0.8494360927753251,1.3291235962915664,-1.2254772385990589,0.10364635769250752,-0.09018558104870077,-1.2736463707742025,True
EYA1,DCG,-0.845417374148117,1.0959244199985356,-1.2196794531648578,-0.12375503316632219,-0.3095308130735597,-1.2678485853400023,True
RN7SKP23,DSG,-0.032415349840801834,1.3146965256562866,-0.04676546446400565,1.267931061192281,1.0849425983824925,-0.09493459663915138,False
HCG11,DIG,1.4015517352609825,0.49825086752782544,2.022011738010341,2.520262605538166,2.3315449110812914,1.9738426058351939,True
GPR162,DSG,-0.024000740196262107,1.145677455195635,-0.03462574885881175,1.1110517063368233,0.9291949000634862,-0.08279488103395795,False
SNORD45C,NEUTRAL,0.00789220330016639,0.13750352374993502,0.011386042562837562,0.1488895663127726,-0.03678308961230773,-0.03678308961230806,False
TNNI3,DIG,-1.672235751288308,0.4854268271702419,-2.412526225580872,-1.92709939841063,-2.1162774522047134,-2.4606953577560167,True
PPIAP39,NEUTRAL,0.0260046861449826,0.13750352374993502,0.037516831741240333,0.17502035549117534,-0.010652300433904215,-0.010652300433904053,False
GOLGA2P11,NEUTRAL,0.004016480795261087,0.13750352374993502,0.005794556925148931,0.14329808067508396,-0.04237457524999532,-0.04237457524999532,False
FHP1,NEUTRAL,-0.002443451629202055,0.13750352374993502,-0.0035251555481018632,0.13397836820183315,-0.05169428772324807,-0.05169428772324824,False
IRGC,DIG,-0.7870532667330253,0.523561956057013,-1.1354778448311942,-0.6119158887741812,-0.7938913715170578,-1.1836469770063343,True
EEF1A1P6,DSG,0.020953719509831274,-0.7369655941662062,0.030229827225011902,-0.7067357669411943,-0.8924084228662769,-0.017939304950135276,False
FTSJ3,DCG,-0.8469814317908513,1.232660756790275,-1.221935911369695,0.010724845420579943,-0.17717846576750026,-1.2701050435448407,True
ZNF467,DIG,0.8387749299588885,0.3923174227787603,1.210096431873676,1.6024138546524362,1.410048756259483,1.161927299698529,True
RFPL1,NEUTRAL,-0.006539896766024656,0.13750352374993502,-0.009435076632269541,0.1280684471176655,-0.05760420880741514,-0.05760420880741514,False
FILNC1,DIG,-1.098793735262165,0.3923174227787603,-1.585224272822586,-1.1929068500438258,-1.3846666609562719,-1.6333934049977221,True
CEACAMP3,DIG,-1.1907703061409285,0.5728896684205812,-1.7179184155073504,-1.1450287470867693,-1.3286412230822848,-1.7660875476824796,True
EIF3E,DCG,-0.9356926642267152,1.2403143293337107,-1.349919166476064,-0.10960483714235325,-0.28570830388938717,-1.3980882986512104,True
LYPD6,NEUTRAL,0.053552682914630084,0.13750352374993502,0.07726019006723595,0.21476371381717096,0.02909105789209038,0.02909105789209038,False
MRGPRF-AS1,DSG,0.0020011523932926896,1.4329594072761063,0.002887052633866444,1.4358464599099727,1.2476629995833073,-0.04528207954127988,False
TIPIN,NEUTRAL,0.029414549511420335,0.13750352374993502,0.042436224710109,0.179939748460044,-0.0057329074650359,-0.0057329074650359,False
KCNN1,DIG,-1.33670489140964,0.53605290024021,-1.928457517968708,-1.392404617728498,-1.573175743135445,-1.9766266501438503,True
POLRMT,NEUTRAL,-0.03631770527317851,0.13750352374993502,-0.052395373294081594,0.08510815045585343,-0.10056450546922675,-0.10056450546922692,False
DQX1,DIG,0.7733223733560561,0.35049724708413343,1.1156683530492657,1.4661656001333991,1.2834759047749542,1.0674992208741192,True
WDCP,DIG,0.9394953224536347,0.4854268271702419,1.3554052426422363,1.8408320698124783,1.6519890332675637,1.3072361104670895,True
TACR1,DIG,0.843620476264312,0.4724877714627438,1.2170870774989084,1.6895748489616522,1.5146899201347304,1.1689179453237633,True
ST18,DCG,-0.7616411296583709,1.1937717433966801,-1.0988158806951998,0.09495586270148038,-0.09561634757284873,-1.1469850128703436,True
PRKRIP1,DIG,-0.8987071189484647,0.49825086752782544,-1.2965603037185578,-0.7983094361907324,-0.9700598775510978,-1.3447294358937045,True
PDS5B,NEUTRAL,0.00523378968540399,0.13750352374993502,0.007550762424188145,0.14505428617412316,-0.04061836975095683,-0.040618369750956666,False
MARCHF10,DCG,-0.8466899270517517,1.232660756790275,-1.2215153589282004,0.01114539786207458,-0.17426225007307772,-1.2696844911033458,True
PTGER4,DSG,-0.11319313506116296,1.1210154009613662,-0.16330317461541446,0.9577122263459518,0.7841405238626427,-0.21147230679055998,False
TMEM54,NEUTRAL,0.03484055365678959,0.13750352374993502,0.050264293982476185,0.1877678177324112,0.0020951618073305066,0.0020951618073301865,False
PLPP7,NEUTRAL,0.006681039980692627,0.13750352374993502,0.009638703248126148,0.14714222699806118,-0.03853042892701827,-0.03853042892701827,False
PTPN4,NEUTRAL,-0.030243684111532446,0.13750352374993502,-0.043632413085920196,0.09387111066401482,-0.09180154526106464,-0.09180154526106515,False
ALPK1,NEUTRAL,0.04262224590230981,0.13750352374993502,0.06149090279481231,0.19899442654474733,0.013321770619667404,0.013321770619667722,False
SLC29A1,DIG,-1.0988603060357334,0.608809242675524,-1.5853203141474812,-0.9765110714719571,-1.1712126059760943,-1.6334894463226282,True
SIL1,NEUTRAL,0.00127859813946961,0.13750352374993502,0.0018446271951026616,0.1393481509450377,-0.046324504980041946,-0.04632450498004178,False
TM6SF1,NEUTRAL,0.020945268895921552,0.13750352374993502,0.030217635566231877,0.1677211593161669,-0.017951496608912605,-0.017951496608912928,False
ETS1-AS1,NEUTRAL,-0.017771445962442182,0.13750352374993502,-0.025638776959441528,0.11186474679049349,-0.07380790913458586,-0.0738079091345862,False
POU5F2,NEUTRAL,0.023530958242473983,0.13750352374993502,0.0339479967637825,0.1714515205137175,-0.01422113541136224,-0.014221135411362402,False
HSD17B1,NEUTRAL,-0.010342598951294801,0.13750352374993502,-0.014921216216936404,0.12258230753299862,-0.06309034839208195,-0.06309034839208195,False
CCSAP,DCG,-0.7882777233830468,1.232660756790275,-1.1372443623679638,0.0954163944223112,-0.09554559713422278,-1.1854134945431092,True
COX10,NEUTRAL,0.015100798213131563,0.13750352374993502,0.021785846695549827,0.15928937044548486,-0.026383285479595047,-0.026383285479594884,False
PPDPFL,DCG,-0.8744375658980085,1.3362833878644325,-1.261546739888073,0.07473664797635937,-0.11226157728472656,-1.3097158720632167,True
HNRNPF,DIG,-0.7498186475811238,0.5728896684205812,-1.0817596444313566,-0.5088699760107754,-0.6967537260564078,-1.1299287766065034,True
PANX1,NEUTRAL,-0.009703267318895864,0.13750352374993502,-0.013998855641391013,0.123504668108544,-0.062167987816535826,-0.062167987816536,False
STARD10,DIG,-0.7876591709324365,0.5969351423872323,-1.1363519798149386,-0.5394168374277063,-0.7071224925101015,-1.1845211119900838,True
PML,NEUTRAL,0.009934920963855726,0.13750352374993502,0.014333061206178457,0.15183658495611346,-0.03383607096896659,-0.03383607096896626,False
WDR55,NEUTRAL,-0.015176391323975991,0.13750352374993502,-0.021894904501690453,0.11560861924824456,-0.07006403667683551,-0.07006403667683551,False
EBNA1BP2,NEUTRAL,-0.005026049141631923,0.13750352374993502,-0.007251056171896606,0.1302524675780384,-0.055420188347041634,-0.05542018834704147,False
EEF1A1P9,NEUTRAL,-0.0017386846651879968,0.13750352374993502,-0.002508391744136411,0.1349951320057986,-0.05067752391928162,-0.05067752391928145,False
SMARCE1,DIG,1.028579219067131,0.4329594072761063,1.4839261385095925,1.9168855457856988,1.733599084619754,1.4357570063344474,True
ANKRA2,NEUTRAL,-0.014986079824152097,0.13750352374993502,-0.02162034304467038,0.11588318070526464,-0.06978947521981381,-0.06978947521981399,False
BICD1,DIG,-1.6736291685092068,0.608809242675524,-2.414536501695352,-1.805727259019828,-1.9972001312327772,-2.462705633870498,True
PTER,DSG,-0.046824153458373985,-0.7369655941662062,-0.06755297398821995,-0.8045185681544261,-0.9901912240795069,-0.11572210616336542,False
ZNF492,DIG,-1.5331943904726855,0.560714954474479,-2.2119319438537204,-1.6512169893792414,-1.836098706701588,-2.260101076028865,True
NPAP1,NEUTRAL,0.0180583930075019,0.13750352374993502,0.026052754038346927,0.16355627778828194,-0.02211637813679759,-0.022116378136797427,False
TMEM213,DIG,0.7798355965187774,0.5728896684205812,1.1250649478063268,1.697954616226908,1.5127828933672107,1.0768958156311805,True
HNRNPD,NEUTRAL,-0.00465696020011289,0.13750352374993502,-0.006718573386320141,0.13078495036361487,-0.05488770556146372,-0.05488770556146355,False
SMIM3,NEUTRAL,0.020432949263290458,0.13750352374993502,0.029478514572884945,0.16698203832281996,-0.018690617602260387,-0.018690617602261036,False
SDSL,NEUTRAL,0.007687419847038785,0.13750352374993502,0.011090602490554248,0.14859412624048926,-0.03707852968458975,-0.037078529684589426,False
FBXO22,NEUTRAL,0.009206377753723427,0.13750352374993502,0.013281995529847263,0.1507855192797823,-0.03488713664529654,-0.034887136645296704,False
SEPSECS,NEUTRAL,0.010024901988984609,0.13750352374993502,0.014462876384906002,0.15196640013484103,-0.03370625579023888,-0.033706255790239205,False
MKI67,NEUTRAL,-0.03126832408885193,0.13750352374993502,-0.045110656099895605,0.09239286765003941,-0.09327978827504116,-0.09327978827504133,False
SHISA5,NEUTRAL,0.061789497804963026,0.13750352374993502,0.08914340206223965,0.22664692581217466,0.04097426988709405,0.040974269887094364,False
PRNCR1,DCG,-0.8810396387768432,1.1210154009613662,-1.2710715176899554,-0.1500561167285892,-0.3329145112505084,-1.3192406498651,True
PURA,NEUTRAL,-0.027191482014887868,0.13750352374993502,-0.039229016257300166,0.09827450749263486,-0.08739814843244588,-0.08739814843244621,False
ASB7,DIG,0.6853618111896553,0.4854268271702419,0.9887680862179938,1.4741949133882357,1.2792196667185176,0.9405989540428467,True
TLNRD1,NEUTRAL,-0.009540151547443752,0.13750352374993502,-0.013763529326826271,0.12373999442310875,-0.061932661501971735,-0.0619326615019719,False
KMT5B,DSG,0.03939809414429083,1.3074285251922473,0.05683943504244489,1.364267960234692,1.1828466055279248,0.00867030286729952,False
ARHGEF11,DCG,-0.7672079664944319,1.185866545311334,-1.106847128592023,0.07901941671931101,-0.10018370334727526,-1.1550162607671686,True
MMP3,NEUTRAL,-0.0703434324511036,0.13750352374993502,-0.10148412115631494,0.036019402593620076,-0.14965325333145987,-0.14965325333145987,False
LINC01483,DSG,0.010047284889193623,1.1292830169449666,0.01449516808403826,1.1437781850290047,0.956584660187933,-0.033673964091106394,False
DROSHA,DSG,-0.08636862255291201,-0.7369655941662062,-0.12460358344549685,-0.861569177611703,-1.0472418335367846,-0.17277271562064353,False
TECPR1,DIG,1.3788376809658496,0.523561956057013,1.98924228452027,2.512804240577283,2.3353307657710194,1.941073152345124,True
SNX7,NEUTRAL,-0.034392222671994994,0.13750352374993502,-0.049617489094036155,0.08788603465589886,-0.0977866212691807,-0.09778662126918138,False
TUBA1C,DIG,-0.6802198368299615,0.4724877714627438,-0.9813497853088853,-0.5088620138461415,-0.7046844815058463,-1.0295189174840307,True
LINC01778,NEUTRAL,0.02290954335232804,0.13750352374993502,0.03305148458343438,0.1705550083333694,-0.01511764759171042,-0.015117647591710581,False
SOS1,DIG,0.6623500002906454,0.4462562298895641,0.9555690607521177,1.4018252906416817,1.2133097510832185,0.9073999285769725,True
GBP5,NEUTRAL,0.01635990408415634,0.13750352374993502,0.02360235249163145,0.16110587624156647,-0.024566779683513035,-0.024566779683513357,False
MIR761,NEUTRAL,-0.048109330639831645,0.13750352374993502,-0.06940709273457257,0.06809643101536245,-0.11757622490971659,-0.1175762249097164,False
CAMTA1-AS1,NEUTRAL,-0.009931156237774777,0.13750352374993502,-0.014327629854531166,0.12317589389540386,-0.062496762029675516,-0.06249676202967535,False
PLEKHA8,DSG,-0.017375328616759004,-0.7369655941662062,-0.025067300429214307,-0.7620328945954206,-0.9477055505205,-0.07323643260435886,False
DNM3-IT1,DCG,-0.9671172037324588,1.3146965256562866,-1.3952551937832196,-0.08055866812693302,-0.2717882910651044,-1.4434243259583477,True
KDM3AP1,NEUTRAL,-0.07224847807120365,0.13750352374993502,-0.10423252102510053,0.03327100272483449,-0.15240165320024518,-0.15240165320024554,False
RNA5SP187,NEUTRAL,-0.024940382948079876,0.13750352374993502,-0.035981366797066504,0.10152215695286851,-0.08415049897221008,-0.08415049897221058,False
RNU4-46P,DSG,0.028679008425992393,-0.7369655941662062,0.041375063233792024,-0.6955905309324142,-0.8812631868574943,-0.006794068941353045,False
BAZ1B,DIG,-1.7205075758698174,0.4195388915137848,-2.4821677475192776,-2.062628856005493,-2.24740909420487,-2.530336879694423,True
PSMC1P9,DIG,-1.587909159784186,0.5484366246960424,-2.290868670202806,-1.7424320455067634,-1.9313027761882582,-2.339037802377952,True
DARS2,DCG,-0.9957624647567348,1.4262647547020981,-1.4365815698079125,-0.010316815105814392,-0.1969905452141504,-1.4847507019830584,True
KIAA0753,NEUTRAL,-0.03563519712783434,0.13750352374993502,-0.05141072217742724,0.08609280157250779,-0.0995798543525733,-0.09957985435257347,False
FAHD2CP,NEUTRAL,0.010579539372117912,0.13750352374993502,0.015263048987044048,0.15276657273697908,-0.03290608318810002,-0.03290608318810018,False
STRIP2,DIG,-1.0409096141292153,0.37851162325372983,-1.5017151383178635,-1.1232035150641337,-1.3040639858749945,-1.5498842704930098,True
ITM2C,NEUTRAL,-0.015846469674301453,0.13750352374993502,-0.022861623214712055,0.11464190053522297,-0.07103075538985643,-0.07103075538985626,False
MBD1,NEUTRAL,0.02701101170107074,0.13750352374993502,0.038968652630528525,0.17647217638046353,-0.009200479544617411,-0.009200479544616929,False
ISY1-RAB43,DIG,-1.5743230919804494,0.523561956057013,-2.271268117557174,-1.7477061615001608,-1.9305873789973071,-2.3194372497323203,True
HEYL,NEUTRAL,-0.014091156790984181,0.13750352374993502,-0.02032924202274172,0.1171742817271933,-0.06849837419788643,-0.06849837419788676,False
BROX,DCG,-0.7715892001339014,1.2479275134435854,-1.1131679126366616,0.13475960080692384,-0.04558191526443446,-1.1613370448118063,True
FLRT2,NEUTRAL,0.03739218873804636,0.13750352374993502,0.05394552526036363,0.19144904901029863,0.005776393085218167,0.005776393085218167,False
HCG27,DIG,-1.3033857561612672,0.632268215499513,-1.880388166779172,-1.248119951279659,-1.4209122659825884,-1.9285572989543185,True
SNORA70F,NEUTRAL,0.05372699200068716,0.13750352374993502,0.07751166492127237,0.2150151886712074,0.029342532746127158,0.029342532746127473,False
EXOSC3,NEUTRAL,0.0340170457294283,0.13750352374993502,0.0490762231795393,0.18657974692947432,0.0009070910043936348,0.000907091004393955,False
PRPSAP1,DSG,0.09383463195825542,-0.7369655941662062,0.13537475818981615,-0.6015908359763901,-0.7872634919014703,0.08720562601467144,False
ANXA2P3,NEUTRAL,-0.04150845129204815,0.13750352374993502,-0.05988403683401895,0.07761948691591607,-0.10805316900916427,-0.10805316900916445,False
JAKMIP1,NEUTRAL,-0.028261129742582665,0.13750352374993502,-0.0407721917295436,0.09673133202039141,-0.08894132390469009,-0.08894132390468992,False
SLC35A3,NEUTRAL,-0.010333403499597198,0.13750352374993502,-0.014907949984373538,0.12259557376556149,-0.06307708215951857,-0.0630770821595189,False
S100A12,DCG,-0.8182467230740297,1.3434078222978139,-1.1804804896025476,0.16292733269526627,-0.02156551026568984,-1.2286496217776925,True
TTC36,NEUTRAL,0.0328995930830688,0.13750352374993502,0.0474640797882082,0.18496760353814323,-0.0007050523869359679,-0.0007050523869358077,False
GRHPR,NEUTRAL,0.03798707994287905,0.13750352374993502,0.05480377185144422,0.19230729560137924,0.006634639676298773,0.006634639676298454,False
MIR6773,NEUTRAL,0.017676020385200594,0.13750352374993502,0.02550110695238112,0.16300463070231613,-0.022668025222763597,-0.022668025222763274,False
LYPLA1,DCG,-0.8668092226582785,1.3362833878644325,-1.2505413669259158,0.08574202093851668,-0.10046909038143839,-1.2987104991010625,True
TPTE2P5,NEUTRAL,0.018573589251617822,0.13750352374993502,0.026796025104817586,0.16429954885475262,-0.021373107070326573,-0.0213731070703269,False
NKPD1,DIG,0.6601190969714738,0.5109619192773794,0.9523505475968459,1.4633124668742252,1.2757121308314556,0.9041814154217003,True
CSRP3,DIG,-1.7223673224073957,0.4724877714627438,-2.484850794626352,-2.0123630231636085,-2.199149895940001,-2.5330199268014923,True
NAE1,NEUTRAL,-0.014836648690510629,0.13750352374993502,-0.021404759489211417,0.1160987642607236,-0.06957389166435579,-0.06957389166435562,False
WNT4,NEUTRAL,0.02783926530460644,0.13750352374993502,0.04016356999694789,0.17766709374688291,-0.008005562178196078,-0.0080055621781964,False
RB1,NEUTRAL,0.03939005649698653,0.13750352374993502,0.056827839168538556,0.19433136291847358,0.00865870699339265,0.00865870699339265,False
TSEN15,DCG,-0.8133398602957211,1.2403143293337107,-1.1734013830059593,0.06691294632775135,-0.11719522101124466,-1.2215705151811058,True
MARK2,DIG,1.00937873749687,0.49825086752782544,1.456225698965497,1.9544765664933224,1.7750304725580746,1.4080565667903517,True
OGFR,DCG,-0.8957480198879537,1.2249663650002742,-1.2922912261784594,-0.06732486117818515,-0.2536669655266011,-1.3404603583536048,True
ATXN2,NEUTRAL,-0.00018368823717701657,0.13750352374993502,-0.00026500610884491754,0.1372385176410901,-0.04843413828398988,-0.04843413828398972,False
RPS14P8,NEUTRAL,-0.03500075812541026,0.13750352374993502,-0.05049542017488347,0.08700810357505155,-0.09866455235002734,-0.098664552350027,False
EPHB4,DSG,0.055759315393795986,1.3645724322958561,0.08044368780199311,1.4450161200978493,1.2613160241403734,0.03227455562684849,False
ID2,DIG,1.4694967856292644,0.33628338786443257,2.120035725229612,2.4563191130940445,2.273530398669716,2.071866593054466,True
MMP14,DIG,-1.3487353127881108,0.45943161863729726,-1.9458137472312325,-1.4863821285939351,-1.6897743602035111,-1.9939828794063796,True
SGCD,NEUTRAL,-0.011465443073366176,0.13750352374993502,-0.016541137863540098,0.12096238588639492,-0.06471027003868438,-0.06471027003868438,False
CABLES2,DCG,-0.9262054310132543,1.2854022188622483,-1.3362319821672468,-0.050829763304998554,-0.2290927715294825,-1.3844011143423933,True
NEGR1,NEUTRAL,0.023059235254335706,0.13750352374993502,0.03326744434812208,0.17077096809805709,-0.014901687827023866,-0.014901687827023866,False
LRGUK,DIG,-1.6334371085271708,0.4724877714627438,-2.356551616076157,-1.884063844613413,-2.050166562756685,-2.404720748251303,True
BCL2L1,DSG,-0.03923431891862046,1.3645724322958561,-0.05660315733654978,1.3079692749593064,1.1192306855902836,-0.10477228951169436,False
PSMD7P1,DSG,-0.09697406407846917,1.1375035237499351,-0.13990400134085604,0.9975995224090791,0.8164069555234156,-0.18807313351599975,False
ALOX5,DIG,1.5228833233067725,0.53605290024021,2.1970562183871847,2.733109118627395,2.551860085754897,2.148887086212037,True
LYPLAL1-AS1,DCG,-0.8270139197217481,1.232660756790275,-1.1931288807287093,0.03953187606156572,-0.14620395352333973,-1.2412980129038556,True
OGFRP1,NEUTRAL,0.004719872753065564,0.13750352374993502,0.006809337014474628,0.14431286076440963,-0.04135979516066949,-0.04135979516066965,False
NOVA2,DIG,1.6203403993417616,0.560714954474479,2.337657058682402,2.898372013156881,2.707246904599424,2.289487926507256,True
COPS5,DCG,-0.9601302757946106,1.3291235962915664,-1.3851751874962375,-0.05605159120467107,-0.2456828681663589,-1.433344319671382,True
PLA2G4E,NEUTRAL,-0.04026707570306328,0.13750352374993502,-0.05809311042790987,0.07941041332202514,-0.10626224260305478,-0.10626224260305443,False
PLEKHA6,DCG,-0.9720674282210694,1.399171093819823,-1.4023968581042252,-0.003225764284402244,-0.19163751589709546,-1.4505659902793717,True
HERC4,NEUTRAL,-0.0034287878409848477,0.13750352374993502,-0.004946695214449215,0.1325568285354858,-0.053115827389593924,-0.053115827389593924,False
RXRG,DCG,0.8761240650876982,-0.7369655941662062,1.2639798439055017,0.5270142497392954,0.34134159381421403,1.215810711730355,True
NRBF2P5,DSG,0.036362632750218414,1.2630344058337937,0.05246018994240671,1.3154945957762003,1.1276453914373146,0.004291057767260428,False
SLC8A1,DIG,1.3836839281844886,0.3923174227787603,1.9962339413495223,2.3885513641282827,2.2012430807879224,1.948064809174377,True
ARSI,NEUTRAL,0.035302493471443465,0.13750352374993502,0.05093073226226649,0.1884342560122015,0.0027616000871212836,0.0027616000871212836,False
NANP,DSG,0.0770599625596457,1.412781525338476,0.11117402583589005,1.5239555511743659,1.3340457061865028,0.06300489366074541,False
HAMP,DSG,-0.059110912028322096,-0.7369655941662062,-0.08527901964568407,-0.8222446138118903,-1.0079172697369703,-0.13344815182082936,False
PPP3R2,NEUTRAL,0.026784795389042635,0.13750352374993502,0.038642291478997386,0.1761458152289324,-0.00952684069614726,-0.00952684069614726,False
SLC5A4-AS1,NEUTRAL,0.009461092757510794,0.13750352374993502,0.013649471602651312,0.15115299535258633,-0.03451966057249317,-0.03451966057249301,False
NPLOC4,DSG,-0.07083355743414904,1.4329594072761063,-0.10219122203877039,1.3307681852373359,1.146281562179557,-0.1503603542139158,False
TGFBI,NEUTRAL,-0.03596877161234627,0.13750352374993502,-0.05189196843199968,0.08561155531793534,-0.1000611006071441,-0.1000611006071441,False
FKBP15,NEUTRAL,0.016228092924956597,0.13750352374993502,0.023412189185920154,0.16091571293585516,-0.02475694298922518,-0.02475694298922502,False
FIGNL1,DIG,-1.3710459806374522,0.523561956057013,-1.978001237096398,-1.454439281039385,-1.6371871893354106,-2.026170369271545,True
PRKAR2B-AS1,DIG,-0.7221443565984629,0.4854268271702419,-1.0418340820705536,-0.5564072549003117,-0.7408504428615124,-1.0900032142456928,True
GCNT1P3,DSG,0.03446060571765893,1.232660756790275,0.049716144974896403,1.2823769017651714,1.0937316781903625,0.0015470127997526417,False
ZNF398,DIG,1.0874406976176485,0.49825086752782544,1.5688453017138162,2.0670961692416414,1.8919442765852472,1.5206761695386697,True
NABP1,NEUTRAL,0.01906187591077846,0.13750352374993502,0.027500473846520875,0.1650039975964559,-0.020668658328622715,-0.02066865832862288,False
SEC31B,NEUTRAL,0.03093576437677338,0.13750352374993502,0.044630873852480414,0.18213439760241543,-0.0035382583226652516,-0.003538258322665091,False
SNORD14B,NEUTRAL,-0.018415943322707472,0.13750352374993502,-0.02656859010496229,0.11093493364497273,-0.0747377222801064,-0.07473772228010624,False
CLEC12B,DIG,-0.6953520581073976,0.523561956057013,-1.003180965903477,-0.479619009846464,-0.6520528381468087,-1.0513500980786203,True
LMBR1L,DIG,-0.8818222550139749,0.45943161863729726,-1.2722005942541845,-0.8127689756168872,-1.0022909117966488,-1.320369726429332,True
TNPO1P1,NEUTRAL,0.03589950809527863,0.13750352374993502,0.05179204229941168,0.1892955660493467,0.003622910124266529,0.003622910124266529,False
RNU6-342P,NEUTRAL,0.05024020927847018,0.13750352374993502,0.07248130077927262,0.20998482452920764,0.02431216860412819,0.024312168604128506,False
ASPHD2,NEUTRAL,-0.049660544260449684,0.13750352374993502,-0.07164502093239764,0.06585850281753738,-0.11981415310754173,-0.11981415310754226,False
LINC01354,DCG,-0.9362743459869179,1.4329594072761063,-1.350758355866884,0.08220105140922218,-0.10383374994189351,-1.39892748804203,True
LSM4,DIG,-1.7318078835162982,0.53605290024021,-2.498470645321375,-1.962417745081165,-2.1456332907612405,-2.5466397774965213,True
DHFRP1,NEUTRAL,-0.017414016866434692,0.13750352374993502,-0.0251231157751621,0.11238040797477292,-0.07329224795030584,-0.07329224795030617,False
FZD4,NEUTRAL,0.03298200997759813,0.13750352374993502,0.04758298223323113,0.18508650598316614,-0.0005861499419137799,-0.0005861499419136197,False
HNRNPA1P36,DCG,-0.8979397110935776,1.2854022188622483,-1.295453168211973,-0.010050949349724725,-0.1988719420588563,-1.343622300387115,True
SYNC,NEUTRAL,0.07601472855019217,0.13750352374993502,0.10966607191388295,0.24716959566381796,0.06149693973873707,0.06149693973873676,False
GPIHBP1,DCG,-0.7301879219426126,1.0789513413948222,-1.0534384939036248,0.02551284749119742,-0.16286803279614925,-1.1016076260787693,True
C5orf47,DIG,0.8393301767925995,0.4854268271702419,1.2108974837271402,1.6963243108973822,1.510603554971596,1.1627283515519922,True
DCANP1,NEUTRAL,-0.011033207791246865,0.13750352374993502,-0.015917554165529327,0.12158596958440569,-0.06408668634067369,-0.06408668634067369,False
CTAGE16P,NEUTRAL,-0.051900863636414614,0.13750352374993502,-0.0748771185861097,0.06262640516382532,-0.1230462507612547,-0.12304625076125417,False
LTK,NEUTRAL,-0.02193125606042317,0.13750352374993502,-0.03164011435883853,0.10586340939109648,-0.07980924653398326,-0.07980924653398326,False
GRIK1-AS1,DIG,-0.7497504969389441,0.5849625007211562,-1.0816613238378507,-0.49669882311669455,-0.6885343360038596,-1.1298304560129957,True
PPP4R1,NEUTRAL,0.012107298381402256,0.13750352374993502,0.01746713933341201,0.15497066308334703,-0.030701992841733805,-0.03070199284173397,False
DMRTC2,DIG,1.2932925744756327,0.5849625007211562,1.8658267836145157,2.450789284335672,2.2654404651375626,1.8176576514393716,True
ARPP21,NEUTRAL,-0.015310881649973776,0.13750352374993502,-0.022088933028054997,0.11541459072188003,-0.07025806520319988,-0.07025806520319988,False
SF3B6,DIG,1.1990654458931096,0.4854268271702419,1.7298857724913028,2.215312599661545,2.0310497762268227,1.6817166403161579,True
SAMM50,NEUTRAL,-0.012965967405876787,0.13750352374993502,-0.01870593687678638,0.11879758687314865,-0.0668750690519323,-0.06687506905193247,False
AGXT,NEUTRAL,-0.01171311676467252,0.13750352374993502,-0.016898455469746426,0.12060506828018859,-0.06506758764489161,-0.06506758764489178,False
LINC02169,NEUTRAL,-0.0310115748610366,0.13750352374993502,-0.04474024526217435,0.09276327848776067,-0.0929093774373187,-0.0929093774373187,False
ZNF683,NEUTRAL,0.05027139823911546,0.13750352374993502,0.07252629693812604,0.21002982068806106,0.024357164762980728,0.024357164762980416,False
GUCY2D,NEUTRAL,-0.01677701033247007,0.13750352374993502,-0.02420410960759747,0.11329941414233755,-0.07237324178274274,-0.0723732417827429,False
DDTP1,NEUTRAL,0.019052372541560843,0.13750352374993502,0.027486763382878882,0.1649902871328139,-0.020682368792266374,-0.020682368792266374,False
ONECUT2,NEUTRAL,0.08212742671159132,0.13750352374993502,0.11848483123778458,0.2559883549877196,0.07031569906264126,0.07031569906264126,False
C12orf71,DSG,0.03689546063632145,-0.7369655941662062,0.05322889809133492,-0.6837366960748713,-0.8694093519999488,0.005059765916190762,False
PPA2,NEUTRAL,0.06354352596331106,0.13750352374993502,0.09167392978786795,0.22917745353780297,0.043504797612723696,0.043504797612723696,False
PCED1B-AS1,DIG,-1.3167662681103027,0.4329594072761063,-1.899692165012601,-1.4667327577364948,-1.671722257513634,-1.9478612971877471,True
TRRAP,DSG,-0.038398623000063845,1.3923174227787602,-0.055397502979157,1.3369199197996033,1.154580721207548,-0.10356663515430127,False
HLX,DCG,2.0794415416798357,-3.321928094887362,3.0,-0.3219280948873622,-0.5076007508124419,2.9518308678248557,True
TRHDE-AS1,DIG,-0.6583656477313792,0.53605290024021,-0.9498208550737111,-0.41376795483350104,-0.6006045284751108,-0.9979899872488577,True
TRIM31-AS1,DIG,1.197388190281965,0.6205864104518776,1.7274660041388015,2.348052414590679,2.167375498344953,1.6792968719636552,True
HCFC2,NEUTRAL,-0.021335984566142847,0.13750352374993502,-0.030781319126057746,0.10672220462387727,-0.0789504513012026,-0.07895045130120293,False
TTF2,DIG,-0.8853019550006177,0.405992359675837,-1.2772207401686955,-0.8712283804928584,-1.059255540564569,-1.3253898723438406,True
PRDX6,DCG,-1.0725529918423224,1.3291235962915664,-1.5473668824215394,-0.218243286129973,-0.40972923914487674,-1.5955360145966846,True
SC5D,NEUTRAL,-0.03601618002935854,0.13750352374993502,-0.05196036432011969,0.08554315942981533,-0.10012949649526467,-0.10012949649526467,False
ZBED5-AS1,NEUTRAL,0.014308210024773818,0.13750352374993502,0.02064238364673894,0.15814590739667395,-0.027526748528405122,-0.02752674852840561,False
LINC01355,NEUTRAL,0.0063451774774016464,0.13750352374993502,0.009154156080207698,0.14665767983014272,-0.03901497609493763,-0.03901497609493779,False
KIF26B,DCG,-0.7287811423649915,1.185866545311334,-1.0514089399833668,0.13445760532796713,-0.058591773682741606,-1.0995780721585138,True
TMEM38B,NEUTRAL,0.02478941332380959,0.13750352374993502,0.03576356366880689,0.17326708741874192,-0.012405568506338546,-0.012405568506338708,False
ZFYVE26,NEUTRAL,0.054461809083132647,0.13750352374993502,0.07857178188207697,0.216075305632012,0.030402649706932183,0.030402649706932183,False
PDCD11,NEUTRAL,-0.023448787590002268,0.13750352374993502,-0.03382944957095494,0.10367407417898009,-0.08199858174609975,-0.08199858174609975,False
BICRAL,DIG,-0.9353605822919436,0.5969351423872323,-1.3494400735156002,-0.7525049311283679,-0.9415346798233669,-1.3976092056907468,True
AKAP11,NEUTRAL,-0.02200389405500833,0.13750352374993502,-0.031744908833406665,0.10575861491652835,-0.07991404100855068,-0.07991404100855051,False
TPSB2,DSG,0.006246807104924284,1.20945336562895,0.009012237631664206,1.218465603260614,1.027473185474095,-0.039156894543481535,False
LINC02821,DSG,-0.01580343970108529,1.3001237245690138,-0.02279954408574351,1.2773241804832702,1.09102688164625,-0.07096867626088714,False
MYG1-AS1,DIG,1.711925658381211,0.4724877714627438,2.469786657717147,2.942274429179891,2.751693857201637,2.421617525542002,True
PPM1N,DIG,0.7918459705752462,0.5969351423872323,1.1423922548968157,1.7393273972840482,1.5570832035399875,1.0942231227216679,True
FLRT1,DIG,-1.079494654256987,0.4724877714627438,-1.5573815843627015,-1.0848938128999577,-1.2682442162614362,-1.6055507165378469,True
PGM5,NEUTRAL,-0.005826161326757793,0.13750352374993502,-0.008405374053532533,0.1290981496964025,-0.056574506228676484,-0.056574506228676484,False
MICOS10,NEUTRAL,0.008121446050247127,0.13750352374993502,0.01171676994153879,0.1492202936914738,-0.03645236223360662,-0.036452362233606456,False
GPR35,NEUTRAL,-0.021497269123840812,0.13750352374993502,-0.03101400355762057,0.10648952019231445,-0.07918313573276656,-0.07918313573276656,False
VSTM5,NEUTRAL,-0.017858821248407982,0.13750352374993502,-0.025764832851200643,0.11173869089873438,-0.07393396502634603,-0.07393396502634585,False
LINC02550,NEUTRAL,-0.013924799249289884,0.13750352374993502,-0.020089238822324877,0.11741428492761014,-0.06825837099746972,-0.0682583709974699,False
PIMREGP1,NEUTRAL,-0.044920481238895874,0.13750352374993502,-0.0648065555177008,0.07269696823223422,-0.11297568769284595,-0.11297568769284579,False
DUSP1,DIG,-1.395636204770686,0.405992359675837,-2.013477431507763,-1.6074850718319258,-1.7874841888696353,-2.0616465636829076,True
RALGAPA1,DIG,-0.9766660792149426,0.4854268271702419,-1.4090313090878652,-0.9236044819176233,-1.1025367694468844,-1.4572004412630097,True
BRI3BP,NEUTRAL,-0.021045062086194635,0.13750352374993502,-0.030361606706953342,0.10714191704298168,-0.07853073888209826,-0.07853073888209826,False
FAM86MP,NEUTRAL,0.03769916888985941,0.13750352374993502,0.054388404003035656,0.19189192775297068,0.0062192718278907475,0.0062192718278907475,False
BLNK,NEUTRAL,0.003356714189096948,0.13750352374993502,0.004842714914291785,0.1423462386642268,-0.04332641726085226,-0.043326417260852755,False
EFCAB6,NEUTRAL,-0.013018468974980376,0.13750352374993502,-0.018781680630171015,0.118721843119764,-0.06695081280531597,-0.06695081280531597,False
C2orf72,NEUTRAL,0.03928556007235928,0.13750352374993502,0.05667708269493821,0.19418060644487323,0.008507950519793726,0.008507950519793726,False
LAG3,DSG,-0.020484942369358196,1.4659744645040693,-0.02955352476916928,1.4364209397349001,1.25241879394431,-0.07772265694431377,False
SUB1P1,NEUTRAL,0.05292819523940855,0.13750352374993502,0.07635924479509756,0.21386276854503258,0.028190112619951913,0.028190112619952225,False
AKAP8L,DIG,1.3023682918668515,0.49825086752782544,1.878920276087337,2.377171143615162,2.1805047382493794,1.8307511439121917,True
MIR711,NEUTRAL,-0.02924755403885541,0.13750352374993502,-0.042195301169988673,0.09530822257994634,-0.09036443334513333,-0.0903644333451335,False
ODAM,DIG,1.6121054693292791,0.4329594072761063,2.325776565991326,2.7587359732674326,2.578105000890886,2.27760743381618,True
LMCD1,DIG,1.065888303182986,0.4329594072761063,1.5377517691436458,1.970711176419752,1.7856833090922863,1.4895826369684992,True
IMPG1,DIG,-0.700346724967185,0.3923174227787603,-1.0103867470129846,-0.6180693242342243,-0.8157987817472852,-1.0585558791881304,True
SAXO1,NEUTRAL,-0.014330316619948057,0.13750352374993502,-0.020674276721967755,0.11682924702796726,-0.06884340889711246,-0.0688434088971128,False
MYL12B,NEUTRAL,0.06287533030053777,0.13750352374993502,0.09070992721884141,0.22821345096877643,0.04254079504369586,0.04254079504369586,False
SYBU,DCG,-0.8583151576116236,1.1210154009613662,-1.2382870214061183,-0.11727162044475214,-0.3034683546346764,-1.2864561535812649,True
SUB1,DSG,0.0028094855817107304,1.446256229889564,0.004053230916183115,1.4503094608057472,1.2635376173358173,-0.04411590125896262,False
EEFSEC,DIG,1.5357378787235776,0.4854268271702419,2.2156014217398416,2.7010282489100836,2.52406860910952,2.1674322895646942,True
IDH1,NEUTRAL,0.02814632599142581,0.13750352374993502,0.04060656492707415,0.17811008867700917,-0.007562567248071112,-0.007562567248071273,False
FPR2,DIG,0.9071346580022294,0.5109619192773794,1.3087186725183222,1.8196805917957017,1.624572022642547,1.2605495403431763,True
SLC12A9-AS1,DSG,0.02568249308755026,-0.7369655941662062,0.03705200541507384,-0.6999135887511324,-0.885586244676211,-0.011117126760070453,False
ZNF554,NEUTRAL,-0.0360668588486055,0.13750352374993502,-0.052033478401325384,0.08547004534860964,-0.10020261057647176,-0.10020261057647158,False
MIR6741,DCG,-0.9226290023546517,1.2555007331483865,-1.3310722862773878,-0.07557155312900132,-0.2577372946167718,-1.3792414184525246,True
AFDN,NEUTRAL,0.004151523716997176,0.13750352374993502,0.005989382678644742,0.14349290642857976,-0.04217974949650013,-0.042179749496500454,False
KCNG1,DCG,-0.8404327737940634,1.3362833878644325,-1.2124881949532513,0.12379519291118113,-0.05605100619900921,-1.2606573271283965,True
NPTXR,NEUTRAL,0.014830534419442988,0.13750352374993502,0.021395938460663483,0.1588994622105985,-0.02677319371448013,-0.02677319371448013,False
GALNT18,NEUTRAL,0.0028367893596247936,0.13750352374993502,0.004092621941177268,0.14159614569111229,-0.04407651023396731,-0.044076510233967636,False
SLIT3-AS2,DIG,-0.9473186741861828,0.4329594072761063,-1.3666919533899136,-0.9337325461138073,-1.1154680272621704,-1.41486108556506,True
KIRREL1-IT1,DCG,-0.9037389985171735,1.2927817492278462,-1.3038197714186845,-0.011038022190838381,-0.1879999049021615,-1.3519889035938168,True
SUMO3,DIG,1.5856791615187942,0.4854268271702419,2.287651462764134,2.773078289934376,2.596358372476406,2.2394823305889875,True
ATXN3,NEUTRAL,-0.012337408268261555,0.13750352374993502,-0.01779911772604344,0.11970440602389158,-0.06596824990118966,-0.06596824990118932,False
DERA,DIG,0.9417295390895061,0.5728896684205812,1.3586285359030796,1.9315182043236607,1.7527745248719522,1.3104594037279331,True
VPS13B-DT,DCG,-0.681977557549092,1.1043366598147357,-0.9838856402736427,0.12045101954109305,-0.06131013840149721,-1.0320547724487896,True
STYXL1,DIG,1.1443710696631428,0.5109619192773794,1.6509784671398147,2.161940386417194,1.9768361520726299,1.602809334964668,True
RPS28,NEUTRAL,-0.02566568232052565,0.13750352374993502,-0.0370277526048539,0.10047577114508112,-0.08519688477999877,-0.08519688477999861,False
CDK5R2,NEUTRAL,0.010217187816743871,0.13750352374993502,0.014740286195047518,0.15224380994498254,-0.03342884598009669,-0.03342884598009669,False
ATAT1,DIG,-1.7171737050744464,0.5109619192773794,-2.4773579886558315,-1.966396069378452,-2.1579895411903784,-2.5255271208309766,True
OS9,DIG,1.5572389701059504,0.523561956057013,2.2466209396508914,2.7701828957079044,2.5820007854891447,2.1984518074757475,True
CD101,DIG,-1.4437686218314207,0.4195388915137848,-2.082917830907284,-1.6633789393934992,-1.8424418642192089,-2.1310869630824296,True
CSRNP2,DIG,1.371555976927719,0.4462562298895641,1.9787370062152378,2.424993236104802,2.2291091103064558,1.930567874040093,True
BTBD10,NEUTRAL,0.012161402234824684,0.13750352374993502,0.01754519469443753,0.15504871844437254,-0.03062393748070822,-0.030623937480708546,False
BCL7A,NEUTRAL,-0.0005296322044963606,0.13750352374993502,-0.0007640977549219889,0.13673942599501304,-0.04893322993006788,-0.048933229930068045,False
TMEM178B,DIG,-1.1920912344750596,0.4462562298895641,-1.719824112264371,-1.273567882374807,-1.4559660284235092,-1.7679932444395166,True
DYNLL1P4,NEUTRAL,0.061882658848717194,0.13750352374993502,0.08927780503806783,0.22678132878800283,0.04110867286292328,0.041108672862923905,False
DNPH1,DIG,0.6942131716084334,0.5484366246960424,1.0015378999992859,1.5499745246953283,1.3559626103580322,0.9533687678241403,True
GART,DIG,-1.6625481748191377,0.5728896684205812,-2.3985500070505674,-1.8256603386299863,-2.0056859419270623,-2.4467191392257144,True
MED12L,DSG,0.07169942212907811,1.439623137557117,0.10344040074022538,1.5430635382973423,1.3561371134878286,0.055271268565080724,False
TEKT5,DCG,-0.815794695200059,1.1699250014423124,-1.1769429611486486,-0.00701795970633623,-0.2009028160628673,-1.2251120933237916,True
ZNF746,DIG,0.9639532882080251,0.5109619192773794,1.3906906285463274,1.9016525478237067,1.7144442509063742,1.3425214963711805,True
CNOT6,DIG,1.4259244997931702,0.4724877714627438,2.0571742045336823,2.529661975996426,2.359376282903208,2.0090050723585366,True
CYP4B1,NEUTRAL,-0.009011016371388018,0.13750352374993502,-0.013000148632370754,0.12450337511756426,-0.061169280807516525,-0.06116928080751669,False
SNORC,NEUTRAL,0.06073451308647486,0.13750352374993502,0.08762138084066314,0.22512490459059814,0.039452248665518344,0.03945224866551803,False
MYO1D,NEUTRAL,-0.024256973477509134,0.13750352374993502,-0.034995415342977544,0.10250810840695748,-0.08316454751812287,-0.0831645475181232,False
PDZRN4,DIG,1.5463876396202372,0.5728896684205812,2.230965778972106,2.803855447392687,2.6095248926164776,2.1827966467969593,True
RSU1P2,DIG,1.1314731012383605,0.560714954474479,1.6323706320558389,2.193085586530318,2.0016043469910794,1.5842014998806904,True
ETFBKMT,DIG,-1.569871712789614,0.632268215499513,-2.2648461348734394,-1.6325779193739265,-1.8241905708083197,-2.313015267048587,True
PCNX2,DCG,-0.9555727570751708,1.2172307162206693,-1.378600077840943,-0.16136936162027382,-0.34943824828934456,-1.4267692100160883,True
SOX9,DSG,0.017153619172464322,1.06177619758669,0.024747441313412125,1.086523638900102,0.89991850542717,-0.023421690861733353,False
ATAD2B,DIG,1.606121815160371,0.4195388915137848,2.3171439777954475,2.736682869309232,2.5470021896008266,2.268974845620302,True
MIA,DIG,0.8317097431962414,0.49825086752782544,1.1999035219682508,1.6981543894960762,1.5182713335855684,1.1517343897931032,True
TERF1P2,NEUTRAL,-0.0017310325730584138,0.13750352374993502,-0.002497352108768636,0.13500617164116638,-0.05066648428391335,-0.05066648428391368,False
FBXO30,DIG,-0.8249180573645573,0.405992359675837,-1.1901051904996043,-0.7841128308237673,-0.9763075226353612,-1.2382743226747508,True
PAQR6,DCG,-1.03057143278754,1.4195388915137848,-1.4868002953644177,-0.06726140385063295,-0.24927183558196064,-1.5349694275395622,True
RPL24P4,DIG,1.6397641853673808,0.6438561897747247,2.3656796584568514,3.009535848231576,2.8195724384495695,2.3175105262817053,True
CDC7,NEUTRAL,0.026396674472579415,0.13750352374993502,0.038082351357550615,0.17558587510748563,-0.010086780817594279,-0.010086780817594279,False
PEG10,DIG,-1.556634051168723,0.5849625007211562,-2.2457482261000137,-1.6607857253788576,-1.8404919295039621,-2.2939173582751606,True
LDLRAD2,NEUTRAL,-0.023330930045420906,0.13750352374993502,-0.03365941707585606,0.10384410667407895,-0.08182854925100212,-0.08182854925100229,False
LINC02660,DSG,-0.09309205272521873,1.371558862611963,-0.13430344281284698,1.2372554197991161,1.0476897563694305,-0.1824725749879904,False
TGIF1,NEUTRAL,0.007649949025297363,0.13750352374993502,0.011036543521849865,0.14854006727178487,-0.03713258865329407,-0.037132588653293906,False
TAS2R10,DIG,0.6130984593452795,0.523561956057013,0.8845141068740985,1.4080760629311113,1.232225837551206,0.8363449746989543,True
LRRC74A,NEUTRAL,0.013061861180833707,0.13750352374993502,0.01884428235036885,0.15634780610030385,-0.029324849824776154,-0.029324849824776154,False
ME3,NEUTRAL,0.007005399567787836,0.13750352374993502,0.010106655215893198,0.14761017896582823,-0.03806247695925108,-0.03806247695925108,False
EPB41L5,NEUTRAL,0.04909439315416303,0.13750352374993502,0.07082823753896408,0.2083317612888991,0.022659105363819824,0.022659105363820455,False
DDB2,DIG,0.62741200308162,0.45943161863729726,0.9051641854400643,1.3645958040773616,1.1842127750259612,0.8569950532649181,True
AADACL2-AS1,DSG,0.03419644518995412,-3.321928094887362,0.04933504189157806,-3.2725930529957843,-3.4582657089208406,0.0011659097164333106,False
CLHC1,DIG,0.6900091157271071,0.45943161863729726,0.9954727294276763,1.4549043480649735,1.2700756110641467,0.9473035972525311,True
SH2D5,NEUTRAL,0.012577183617431724,0.13750352374993502,0.018145040433218664,0.15564856418315368,-0.03002409174192603,-0.030024091741926197,False
PDE11A,NEUTRAL,0.09434263395513005,0.13750352374993502,0.13610765015146886,0.2736111739014039,0.08793851797632336,0.08793851797632336,False
BCL9L,NEUTRAL,0.02616209932874454,0.13750352374993502,0.03774393096082423,0.17524745471075925,-0.010425201214321963,-0.01042520121432164,False
HSPA4,NEUTRAL,0.01993072229834389,0.13750352374993502,0.028753954221155814,0.16625747797109083,-0.019415177953988477,-0.019415177953988477,False
SYPL1,DIG,-0.891114740677598,0.49825086752782544,-1.2856068172386252,-0.7873559497107998,-0.961358811456277,-1.3337759494137704,True
MYO10,DSG,0.014524975746528113,1.3504972470841334,0.020955110478548578,1.371452357562682,1.1928572209801813,-0.027214021696596192,False
UBE2D3P2,NEUTRAL,-0.04029682083792517,0.13750352374993502,-0.05813602358646569,0.07936750016346933,-0.10630515576161065,-0.10630515576161048,False
IL6-AS1,DSG,0.09971701641488216,-0.7369655941662062,0.14386124507399387,-0.5931043490922123,-0.778777005017293,0.09569211289884803,False
LINC00705,DSG,-0.07173106344990568,1.1779177921958432,-0.10348604951687052,1.0744317426789727,0.8902887250093385,-0.1516551816920133,False
MT1DP,NEUTRAL,-0.032618924304226186,0.13750352374993502,-0.047059160332839606,0.09044436341709541,-0.09522829250798397,-0.09522829250798431,False
FUT8-AS1,NEUTRAL,-0.010941546652043393,0.13750352374993502,-0.015785315094558244,0.12171820865537678,-0.0639544472697032,-0.0639544472697032,False
SNORA2A,DIG,-0.8655401233420816,0.4724877714627438,-1.248710443636043,-0.7762226721732992,-0.9724631377655453,-1.2968795758111833,True
ABCD4,NEUTRAL,0.04836068253676439,0.13750352374993502,0.06976971686979548,0.20727324061973051,0.021600584694649823,0.021600584694649823,False
AK9,DIG,1.1213149059732328,0.4462562298895641,1.6177154541224574,2.0639716840120217,1.8752759574350815,1.5695463219473107,True
KIAA0232,NEUTRAL,0.010726576024959219,0.13750352374993502,0.015475178036927115,0.15297870178686213,-0.03269395413821769,-0.03269395413821769,False
DPPA3P3,NEUTRAL,0.0012315760896324274,0.13750352374993502,0.0017767887169901247,0.13928031246692515,-0.04639234345815436,-0.04639234345815419,False
DPH6,NEUTRAL,-0.0343296123534597,0.13750352374993502,-0.04952716149797681,0.0879763622519582,-0.09769629367312169,-0.09769629367312185,False
PSME1,NEUTRAL,-0.03623350825717426,0.13750352374993502,-0.052273902676634613,0.0852296210733004,-0.10044303485177918,-0.10044303485177969,False
SRI-AS1,DIG,1.6539675252098893,0.5849625007211562,2.386170746411699,2.971133247132855,2.7956074424259265,2.3380016142365525,True
CSNK2A3,NEUTRAL,0.032862736847327774,0.13750352374993502,0.047410907479678785,0.18491443122961382,-0.0007582246954655626,-0.0007582246954660433,False
FBXO9,DIG,-1.4960203999232147,0.5109619192773794,-2.1583012120379457,-1.6473392927605661,-1.8449222453441005,-2.206470344213091,True
CYP27B1,DIG,-1.0001083366384271,0.5109619192773794,-1.442851337619969,-0.9318894183425895,-1.1185158229312275,-1.4910204697951137,True
PCDHGA8,NEUTRAL,-0.026615061993676758,0.13750352374993502,-0.038397417951229786,0.09910610579870524,-0.0865665501263756,-0.08656655012637526,False
SOCS5,DIG,1.3012202682639524,0.523561956057013,1.8772640281286108,2.400825984185624,2.2131163582606828,1.8290948959534645,True
CHN1,NEUTRAL,-0.030919864367132243,0.13750352374993502,-0.044607934987421057,0.09289558876251397,-0.092777067162565,-0.09277706716256483,False
EBPL,NEUTRAL,-0.06599637001272002,0.13750352374993502,-0.09521263573402428,0.042290888015910744,-0.14338176790916765,-0.143381767909168,False
TLE5,NEUTRAL,0.004811909466765916,0.13750352374993502,0.006942117924909844,0.14444564167484486,-0.04122701425023609,-0.041227014250236255,False
FYTTD1,DSG,-0.09411989648250621,1.0959244199985356,-0.1357863079042943,0.9601381120942414,0.7743929863816981,-0.18395544007944106,False
MEMO1,DIG,1.2873955981925433,0.4462562298895641,1.857319245174663,2.303575475064227,2.1321025520585657,1.8091501129995158,True
ST6GALNAC2,DSG,0.06829712541140673,1.0789513413948222,0.0985319241380081,1.1774832655328302,0.9892077168575174,0.05036279196286275,False
ACP2,DIG,1.304886174473905,0.4724877714627438,1.8825528128380735,2.3550405843008173,2.178977056040621,1.8343836806629277,True
RBMXP4,NEUTRAL,0.02564506933137319,0.13750352374993502,0.03699801434762574,0.17450153809756075,-0.011171117827518838,-0.011171117827518676,False
C1orf198,DCG,-0.7707703316202003,1.1375035237499351,-1.1119865350928047,0.02551698865713048,-0.16318171147959507,-1.1601556672679505,True
LINC01366,DIG,0.8144206493951043,0.4195388915137848,1.1749606320798862,1.594499523593671,1.4049737160302576,1.1267914999047404,True
IRS2,NEUTRAL,0.015518115527500207,0.13750352374993502,0.02238790831546657,0.1598914320654016,-0.025781223859677932,-0.025781223859677932,False
RNF17,NEUTRAL,-0.021619694676807806,0.13750352374993502,-0.03119062629576414,0.10631289745417088,-0.07935975847090906,-0.0793597584709089,False
OPA1,DSG,-0.028775289158621865,-0.7369655941662062,-0.04151396696928972,-0.778479561135496,-0.9641522170605761,-0.08968309914443554,False
KIF2A,NEUTRAL,-0.015555761106204246,0.13750352374993502,-0.022442219405174282,0.11506130434476074,-0.07061135158031981,-0.07061135158031964,False
MAB21L3,NEUTRAL,0.0267125741707862,0.13750352374993502,0.038538098285571865,0.17604162203550688,-0.009631033889572637,-0.009631033889572958,False
FKBP5,DIG,-1.5390198024884987,0.5728896684205812,-2.220336236880069,-1.647446568459488,-1.8305850425632553,-2.268505369055215,True
LINC01585,DIG,-0.9946837830115877,0.33628338786443257,-1.4350253610034913,-1.0987419731390586,-1.2967411149933348,-1.4831944931786283,True
VPS35L,DSG,0.14328842912098613,1.06177619758669,0.20672150610961643,1.2684977036963063,1.0809483784935117,0.1585523739344706,False
CNMD,NEUTRAL,-0.01647949385696811,0.13750352374993502,-0.023774884063808028,0.113728639686127,-0.07194401623895277,-0.07194401623895261,False
NEDD8-MDP1,NEUTRAL,0.0015742484761224404,0.13750352374993502,0.0022711604696288527,0.13977468421956388,-0.04589797170551496,-0.04589797170551513,False
GPT2,NEUTRAL,0.03939970432353501,0.13750352374993502,0.056841758040055416,0.19434528178999044,0.008672625864909373,0.008672625864909373,False
ANKRD28,DIG,1.1644493948082835,0.405992359675837,1.6799453672560651,2.085937726931902,1.9060198858573063,1.6317762350809188,True
LIN28A,NEUTRAL,0.00468893335978062,0.13750352374993502,0.006764700905214327,0.14426822465514935,-0.0414044312699307,-0.041404431269931194,False
HPF1,NEUTRAL,0.0010685886904580552,0.13750352374993502,0.0015416476044738678,0.1390451713544089,-0.046627484570670244,-0.04662748457067057,False
TICAM1,NEUTRAL,-0.015281062004782854,0.13750352374993502,-0.022045912373816985,0.11545761137611804,-0.07021504454896312,-0.0702150445489626,False
RIMKLBP2,DCG,-0.9330828903810069,1.1699250014423124,-1.346154058691019,-0.17622905724870663,-0.36011616155864534,-1.3943231908661626,True
TMEM220-AS1,NEUTRAL,0.03353450296989799,0.13750352374993502,0.04838006113334804,0.18588358488328305,0.00021092895820331518,0.00021092895820331518,False
CYP4F2,DIG,1.5631162078832141,0.53605290024021,2.255100001446275,2.7911529016864853,2.60192175727815,2.2069308692711287,True
CNNM2,NEUTRAL,0.027612785820211892,0.13750352374993502,0.039836829167948784,0.1773403529178838,-0.00833230300719606,-0.00833230300719606,False
OR5K2,DIG,1.364934433858248,0.49825086752782544,1.9691841388658795,2.467435006393705,2.278205704867187,1.921015006690732,True
SMAD5,NEUTRAL,0.04669225225366488,0.13750352374993502,0.06736268077429884,0.20486620452423387,0.019193548599154626,0.019193548599154626,False
C16orf46,NEUTRAL,0.015491744068959715,0.13750352374993502,0.022349862343009192,0.15985338609294422,-0.025819269832135557,-0.025819269832135394,False
TMEM101,NEUTRAL,-0.018183730770529934,0.13750352374993502,-0.026233578207503584,0.11126994554243144,-0.07440271038264938,-0.07440271038264971,False
HMGB3P9,NEUTRAL,0.04970265279008229,0.13750352374993502,0.07170577069927772,0.20920929444921274,0.023536638524133142,0.023536638524132826,False
MTCYBP18,NEUTRAL,0.014897456731353523,0.13750352374993502,0.021492486948181636,0.15899601069811664,-0.026676645226962146,-0.026676645226961657,False
GGNBP1,DIG,-0.5677852523390594,0.49825086752782544,-0.8191409678394497,-0.32089010031162424,-0.5157520800673838,-0.8673101000145961,True
CYSTM1,NEUTRAL,-0.008548435175264811,0.13750352374993502,-0.012332785034715322,0.1251707387152197,-0.06050191720985901,-0.060501917209858674,False
LAIR1,DIG,0.958213560277472,0.5109619192773794,1.3824099515248667,1.893371870802246,1.702972372778824,1.334240819349719,True
HOXD10,NEUTRAL,0.009874929850180337,0.13750352374993502,0.014246512323981567,0.15175003607391657,-0.03392261985116293,-0.0339226198511626,False
PTPN13,NEUTRAL,0.048188043216846284,0.13750352374993502,0.06952065097908719,0.2070241747290222,0.02135151880394292,0.021351518803943235,False
KNSTRN,NEUTRAL,0.0032226881592431035,0.13750352374993502,0.004649356225671608,0.14215287997560663,-0.04351977594947447,-0.04351977594947414,False
RPL37,DSG,-0.129801283834513,1.2705289423807182,-0.1872636684890727,1.0832652738916455,0.889755014689702,-0.23543280066421918,False
MIR936,NEUTRAL,-0.027770689278632067,0.13750352374993502,-0.04006463570435079,0.09743888804558423,-0.08823376787949516,-0.088233767879495,False
ARFIP1,NEUTRAL,-0.03658451075838894,0.13750352374993502,-0.05278029224447666,0.08472323150545835,-0.10094942441962268,-0.10094942441962268,False
CARD11-AS1,DIG,1.575951737300373,0.5728896684205812,2.2736177560835946,2.8465074245041757,2.6737294360801953,2.22544862390845,True
CARTPT,NEUTRAL,-0.028976389096381918,0.13750352374993502,-0.04180409285221923,0.09569943089771579,-0.0899732250273641,-0.0899732250273641,False
TMPRSS2,DIG,-1.1019182813079125,0.6438561897747247,-1.589732039907815,-0.9458758501330903,-1.1395456462563684,-1.63790117208296,True
MIR6824,NEUTRAL,-0.01752295880990477,0.13750352374993502,-0.025280285776751184,0.11222323797318384,-0.07344941795189572,-0.07344941795189572,False
CERKL,NEUTRAL,0.023787856657810823,0.13750352374993502,0.03431862283360119,0.1718221465835362,-0.013850509341544952,-0.013850509341544952,False
NOL8P1,NEUTRAL,-0.029032900151530355,0.13750352374993502,-0.04188562107123728,0.09561790267869774,-0.09005475324638208,-0.09005475324638208,False
HNRNPA2B1,DSG,0.021530202015991227,1.4724877714627438,0.031061515677808106,1.5035492871405518,1.312134798817377,-0.01710761649733856,False
ISM1,DSG,0.06295927002427724,1.1779177921958432,0.09083102664201395,1.2687488188378573,1.0755302207189648,0.04266189446686908,False
NCK1-DT,DIG,1.5313937222601615,0.5728896684205812,2.2093341287532255,2.7822237971738066,2.5996465112860023,2.161164996578081,True
WFDC13,DCG,-0.8019581238083512,1.2630344058337937,-1.1569810082189256,0.1060533976148681,-0.07566647997659232,-1.205150140394064,True
SETX,NEUTRAL,0.009407908528565496,0.13750352374993502,0.013572742979298426,0.15107626672923344,-0.03459638919584643,-0.03459638919584643,False
PLD3,DSG,0.05676521826554624,1.1127001327493624,0.08189489888668317,1.1945950316360456,1.0086179090916751,0.033725766711538215,False
SLC25A32,DCG,-0.9508191804334931,1.3146965256562866,-1.371742116393509,-0.057045590737222485,-0.24207744649472726,-1.4199112485686547,True
TMF1,NEUTRAL,0.005265367461805988,0.13750352374993502,0.007596319525605608,0.14509984327554062,-0.040572812649538464,-0.040572812649538964,False
GNRH2,DSG,0.054105601217559994,1.3785116232537298,0.07805788256088966,1.4565695058146195,1.274309003325557,0.029888750385745285,False
CRLF1,DIG,1.558289243416214,0.53605290024021,2.248136163747187,2.784189063987397,2.5992009419954982,2.19996703157204,True
TMEM131,NEUTRAL,0.015703919791805392,0.13750352374993502,0.022655967206155682,0.1601594909560907,-0.025513164968988623,-0.025513164968988623,False
CXXC4-AS1,NEUTRAL,-0.0007744325987440691,0.13750352374993502,-0.001117270069710821,0.1363862536802242,-0.04928640224485587,-0.04928640224485587,False
EPB41L1,DSG,0.046061254547039056,1.1375035237499351,0.06645234351213747,1.2039558672620725,1.017295260716127,0.018283211336992043,False
SNORD9,NEUTRAL,0.018619455995552252,0.13750352374993502,0.026862196828833514,0.16436572057876853,-0.02130693534631093,-0.021306935346310604,False
MIATNB,NEUTRAL,-0.07318207502205563,0.13750352374993502,-0.10557941671628375,0.03192410703365127,-0.1537485488914279,-0.15374854889142825,False
IRF5,DIG,-0.796112148550686,0.4329594072761063,-1.1485470487055325,-0.7155876414294262,-0.8918390311109992,-1.1967161808806774,True
PTBP1P,NEUTRAL,-0.04263679284312478,0.13750352374993502,-0.061511889594186166,0.07599163415574886,-0.10968102176933017,-0.10968102176933035,False
RPL13A,DIG,-1.3504835323676687,0.6438561897747247,-1.9483358949490455,-1.3044797051743209,-1.4991111731213376,-1.9965050271241918,True
MYH14,DIG,-1.5677070339616572,0.523561956057013,-2.2617231634632287,-1.7381612074062156,-1.9429618497605414,-2.309892295638374,True
HNRNPM,NEUTRAL,0.012606656067236611,0.13750352374993502,0.01818756019039502,0.15569108394033004,-0.02998157198475089,-0.02998157198475089,False
PHLPP2,NEUTRAL,0.008335382753454471,0.13750352374993502,0.01202541536232016,0.14952893911225518,-0.03614371681282464,-0.036143716812824474,False
TNFAIP3,DIG,-0.595348097540539,0.405992359675837,-0.8589057479244145,-0.4529133882485775,-0.644058734031224,-0.9070748800995597,True
NCAPH,NEUTRAL,-0.018840818769611727,0.13750352374993502,-0.027181555805206543,0.11032196794472848,-0.07535068798035051,-0.07535068798035068,False
CDC42P4,NEUTRAL,0.05286354835348976,0.13750352374993502,0.07626597905337361,0.21376950280330864,0.028096846878229234,0.028096846878229546,False
TNFAIP1,DIG,-1.4311967453407164,0.5484366246960424,-2.0647804470394764,-1.516343822343434,-1.6878096979041186,-2.1129495792146233,True
CRTC1,DIG,-1.3650400759332169,0.5484366246960424,-1.969336548163546,-1.4208999234675037,-1.6121609339333665,-2.0175056803386933,True
GRK4,NEUTRAL,0.03136865460011678,0.13750352374993502,0.04525540243094725,0.18275892618088227,-0.0029137297441976934,-0.002913729744197533,False
CCDC65,DIG,-1.379674869698593,0.4329594072761063,-1.990450092553287,-1.5574906852771808,-1.7570435871172094,-2.038619224728432,True
MTRF1,NEUTRAL,0.004216354985782963,0.13750352374993502,0.006082914428616537,0.14358643817855155,-0.04208621774652869,-0.04208621774652869,False
PRPF18,DSG,0.0024867215375056775,1.1375035237499351,0.003587580830231219,1.1410911045801664,0.9643439642893418,-0.044581551344913393,False
SLC10A7,NEUTRAL,0.03984948726737812,0.13750352374993502,0.05749065766261431,0.19499418141254932,0.009321525487470455,0.009321525487470455,False
RPL29P33,DSG,-0.04005409764287008,1.1210154009613662,-0.05778584803665098,1.0632295529247153,0.8768623546629377,-0.10595498021179538,False
MRPL27,DSG,-0.022956309410518527,1.399171093819823,-0.033118953743667724,1.3660521400761552,1.183151589495927,-0.08128808591881423,False
WDR75,NEUTRAL,-0.053895184578802206,0.13750352374993502,-0.07775431551963329,0.059749208230301734,-0.12592344769477928,-0.1259234476947786,False
CSRP2,DIG,1.5122869785089965,0.4462562298895641,2.1817689242958838,2.628025154185448,2.4399309845069137,2.1335997921207372,True
EI24P2,DCG,-1.0768121633586873,1.412781525338476,-1.5535115680464946,-0.1407300427080187,-0.3260878226949808,-1.6016807002216382,True
SLC26A6,NEUTRAL,-0.004281942732390933,0.13750352374993502,-0.006177537545390937,0.13132598620454408,-0.05434666972053539,-0.05434666972053539,False
ARFIP2,NEUTRAL,-0.0017959615812496673,0.13750352374993502,-0.0025910248668959963,0.13491249888303902,-0.050760157042040795,-0.050760157042040795,False
RN7SL23P,DIG,1.5543677653410652,0.37851162325372983,2.242478666775215,2.620990290028945,2.449156438598481,2.1943095346000665,True
PADI3,NEUTRAL,-0.016614293154513474,0.13750352374993502,-0.023969358341892042,0.11353416540804298,-0.07213849051703573,-0.07213849051703573,False
VEGFA,DIG,1.0255639640418615,0.5728896684205812,1.4795760450376207,2.052465713458202,1.8609604722166462,1.4314069128624747,True
LINC01625,DIG,1.4462311567562938,0.3923174227787603,2.086470517831414,2.4787879406101743,2.2896138248941145,2.038301385656269,True
SIRPG,DSG,-0.031528838288128636,1.1699250014423124,-0.045486498643273254,1.1244385027990391,0.944502336894048,-0.09365563081841842,False
PIGP,DIG,-1.2441843781768442,0.5484366246960424,-1.7949786323472519,-1.2465420076512095,-1.4333070678147959,-1.843147764522397,True
RPL22P24,DCG,-0.9790461147939499,1.3645724322958561,-1.4124649746148383,-0.04789254231898221,-0.22681557411171444,-1.460634106789981,True
FKBP1A,DSG,-0.04737090647267769,1.3146965256562866,-0.068341771850547,1.2463547538057396,1.060587407170756,-0.11651090402569157,False
STMN2,DCG,-0.9050644105145587,1.2927817492278462,-1.3057319367344469,-0.012950187506600708,-0.18962221435589188,-1.353901068909592,True
NRAD1,NEUTRAL,0.038567386599496364,0.13750352374993502,0.05564097738714087,0.19314450113707587,0.007471845211995721,0.007471845211995721,False
USO1,DIG,-1.1497757716864991,0.523561956057013,-1.6587758039463933,-1.1352138478893803,-1.3200903207703565,-1.7069449361215399,True
SNAPC5,NEUTRAL,0.013608998089937515,0.13750352374993502,0.019633634055820227,0.15713715780575524,-0.02853549811932457,-0.02853549811932457,False
DLC1,NEUTRAL,-0.009901578110250006,0.13750352374993502,-0.014284957636632399,0.12321856611330262,-0.062454089811778045,-0.062454089811777545,False
FXYD3,DSG,-0.03056090348856324,1.2555007331483865,-0.04409006390803641,1.2114106692403501,1.0168191882071167,-0.09225919608318209,False
TPSG1,DSG,-0.03531577197365154,1.4329594072761063,-0.050949889091552514,1.3820095181845538,1.1914124833273014,-0.0991190212666985,False
MCM8-AS1,DSG,0.09743352864849271,1.4195388915137848,0.14056686859749318,1.560105760111278,1.3786139981553167,0.09239773642234804,False
SAXO2,NEUTRAL,-0.02802928213343765,0.13750352374993502,-0.04043770633358812,0.0970658174163469,-0.0886068385087338,-0.08860683850873415,False
CPB2-AS1,NEUTRAL,-0.015151539269346502,0.13750352374993502,-0.021859050565720586,0.11564447318421443,-0.07002818274086581,-0.07002818274086581,False
CCDC6,DIG,0.821150768893134,0.49825086752782544,1.1846701421042838,1.6829210096321092,1.4886725539534769,1.1365010099291366,True
BTF3L4P3,DIG,1.4813517861629624,0.49825086752782544,2.137138875709314,2.6353897432371394,2.4446311796527596,2.088969743534167,True
TIMM44,NEUTRAL,0.01821014593262179,0.13750352374993502,0.026271687230857783,0.1637752109807928,-0.021897444944285988,-0.021897444944286314,False
SCN5A,NEUTRAL,0.041281701646115845,0.13750352374993502,0.05955690624430909,0.1970604299942441,0.01138777406916355,0.01138777406916355,False
AVPI1,NEUTRAL,0.02598779717107629,0.13750352374993502,0.03749246610233999,0.17499598985227502,-0.01067666607280498,-0.010676666072804658,False
HBE1,NEUTRAL,-0.007625137373765636,0.13750352374993502,-0.011000747875228778,0.12650277587470624,-0.05916988005037363,-0.05916988005037413,False
SUSD2,NEUTRAL,-0.02302896297042903,0.13750352374993502,-0.033223770674253535,0.10427975307568149,-0.08139290284939786,-0.08139290284939786,False
AGMAT,NEUTRAL,0.016558479896161157,0.13750352374993502,0.0238888368308513,0.16139236058078632,-0.02428029534429284,-0.024280295344293004,False
APOBEC3G,NEUTRAL,-0.012746679089315097,0.13750352374993502,-0.01838957070995794,0.11911395303997707,-0.06655870288510175,-0.06655870288510209,False
RAB14,NEUTRAL,0.03447280164814643,0.13750352374993502,0.04973373998332974,0.18723726373326477,0.0015646078081845592,0.0015646078081842391,False
PTTG2,NEUTRAL,-0.01725312465134896,0.13750352374993502,-0.024890997374340272,0.11261252637559474,-0.07306012954948465,-0.07306012954948482,False
RNF39,DIG,-1.4626003321248122,0.523561956057013,-2.1100862459590175,-1.5865242899020044,-1.774021542204482,-2.1582553781341653,True
UBE2R2-AS1,DIG,0.7017139371221124,0.4195388915137848,1.0123592172087414,1.4318981087225262,1.2390233723715691,0.9641900850335957,True
LINC02847,DCG,-0.9229601843928752,1.3362833878644325,-1.3315500809615644,0.004733306902868106,-0.18384764634728623,-1.379719213136693,True
HPS3,DSG,-0.09311883960952295,1.2630344058337937,-0.13434208811799356,1.1286923177158001,0.9377229212662894,-0.18251122029314018,False
ZNF454,DIG,-1.349392838139408,0.3923174227787603,-1.9467623557948077,-1.5544449330160475,-1.736721348750144,-1.9949314879699547,True
CYP4A22-AS1,NEUTRAL,0.015215512578114664,0.13750352374993502,0.021951344541029674,0.1594548682909647,-0.026217787634115097,-0.02621778763411526,False
CASP3,NEUTRAL,-0.0492911801679914,0.13750352374993502,-0.07111214118792562,0.0663913825620094,-0.1192812733630698,-0.11928127336306964,False
PEX1,DIG,-1.2498533622169226,0.608809242675524,-1.8031572475087516,-1.1943480048332276,-1.381696279822308,-1.8513263796838983,True
PTGES3,DIG,-1.183203023964181,0.4462562298895641,-1.7070011350379495,-1.2607449051483854,-1.4507096344364867,-1.7551702672130949,True
RERGL,DIG,1.6045463910555686,0.6553518286125543,2.3148711212521524,2.9702229498647066,2.7875831492593157,2.266701989077007,True
LINC02289,NEUTRAL,0.0887163859359882,0.13750352374993502,0.12799069003544156,0.2654942137853766,0.07982155786029756,0.07982155786029756,False
COL11A1,NEUTRAL,0.06513038477323975,0.13750352374993502,0.09396328312354305,0.23146680687347806,0.04579415094839741,0.045794150948397096,False
BLCAP,DSG,0.1725520809621487,1.1538053360790355,0.24894003149916283,1.4027453675781982,1.221290213717052,0.20077089932401726,False
FBXW12,NEUTRAL,-0.021902557386881648,0.13750352374993502,-0.03159871092484009,0.10590481282509492,-0.07976784309998436,-0.0797678430999847,False
ZBTB37,DCG,-0.8934217826892952,1.2555007331483865,-1.2889351753080234,-0.03343444215963687,-0.2325213703809485,-1.337104307483168,True
KCP,DIG,-0.8623206497181557,0.53605290024021,-1.2440657250045322,-0.7080128247643221,-0.879243832335732,-1.2922348571796778,True
LINC00662,DIG,0.9512018698581869,0.5849625007211562,1.3722942205287154,1.9572567212498715,1.7628398531928928,1.3241250883535685,True
SLC6A6,DIG,-0.8985365242916639,0.33628338786443257,-1.2963141876531892,-0.9600307997887566,-1.148805592667961,-1.3444833198283355,True
SPAG9,DSG,-0.028853376359201422,-3.321928094887362,-0.04162662298632275,-3.363554717873685,-3.549227373798765,-0.08979575516146757,False
TAF5L,DCG,-0.9907014127378746,1.412781525338476,-1.4292800151586218,-0.0164984898201459,-0.2059148499700508,-1.4774491473337685,True
TCEA1P2,NEUTRAL,-0.015983150423326653,0.13750352374993502,-0.0230588118535157,0.11444471189641932,-0.07122794402866175,-0.07122794402866159,False
RHPN1,DCG,-0.8836413152331641,1.185866545311334,-1.274824943411487,-0.08895839810015316,-0.2726901750039461,-1.3229940755866336,True
SBNO2,NEUTRAL,0.023380728645754974,0.13750352374993502,0.03373126126960123,0.17123478501953626,-0.014437870905543817,-0.014437870905543817,False
ETV2,DIG,1.0203851811759934,0.53605290024021,1.4721046406791922,2.0081575409194024,1.8160636328731437,1.423935508504045,True
THY1,NEUTRAL,-0.025860817406981453,0.13750352374993502,-0.037309273026387126,0.1001942507235479,-0.085478405201531,-0.08547840520153117,False
TTC39B,DIG,-1.2503592006459674,0.4724877714627438,-1.8038870181018256,-1.3313992466390818,-1.5163175456994544,-1.852056150276971,True
SNORA41,NEUTRAL,0.018355855330797935,0.13750352374993502,0.026481901457017426,0.16398542520695245,-0.02168723071812701,-0.02168723071812701,False
COMMD8,NEUTRAL,0.024996041948306257,0.13750352374993502,0.03606166576067394,0.17356518951060895,-0.012107466414471165,-0.012107466414471326,False
GPI,DSG,-0.053989618126879205,1.2479275134435854,-0.07789055433113752,1.170036959112448,0.9856899597201356,-0.12605968650628302,False
MBNL1-AS1,DSG,0.025251544444635596,1.3074285251922473,0.03643027794506303,1.3438588031373102,1.1568911480087023,-0.011738854230081888,False
PROCR,DCG,0.8703154101954589,-0.7369655941662062,1.2555997262982326,0.5186341321320264,0.33296147620694655,1.2074305941230876,True
HSPB2,NEUTRAL,1.576246538746604e-05,0.13750352374993502,2.274043064668119e-05,0.1375262641805817,-0.04814639174449706,-0.048146391744497224,False
TRMT1L,DCG,-0.9123843808106114,1.412781525338476,-1.3162924215800165,0.09648910375845943,-0.08972025657021555,-1.3644615537551614,True
SERF2,NEUTRAL,0.02745515099160868,0.13750352374993502,0.03960941018245155,0.17711293393238658,-0.008559721992693772,-0.00855972199269345,False
LINC02185,DSG,0.17017083186513815,-0.7369655941662062,0.2455046152357844,-0.49146097893042184,-0.6771336348555033,0.1973354830606381,False
GATAD1,DIG,1.1867318856396758,0.4724877714627438,1.7120922062771686,2.1845799777399124,2.0110922749525066,1.6639230741020217,True
ELOA-AS1,NEUTRAL,0.0358371349980568,0.13750352374993502,0.05170205694136485,0.18920558069129986,0.0035329247662192432,0.0035329247662192432,False
MEIG1,DSG,-0.02361704652540949,1.2172307162206693,-0.034072195902652196,1.183158520318017,0.9884118623010186,-0.08224132807779573,False
MIR29C,DCG,-0.995570384605017,1.412781525338476,-1.436304456725576,-0.023522931387100154,-0.21329671477386358,-1.4844735889007186,True
TUBA1B,DIG,-0.7481842436212259,0.4195388915137848,-1.0794016979436027,-0.659862806429818,-0.8590213176279792,-1.1275708301187493,True
ITGB7,DIG,0.8637983000759913,0.45943161863729726,1.2461975238479495,1.7056291424852468,1.510810469176337,1.1980283916728036,True
URGCP,DIG,-0.5782307135432888,0.6205864104518776,-0.8342105829185895,-0.21362417246671195,-0.3988474637388622,-0.8823797150937349,True
CD163,DIG,0.8793375222765379,0.5969351423872323,1.2686158826559497,1.8655510250431822,1.679658253374241,1.2204467504808039,True
MPZL1,DCG,-0.6386205406576323,1.1292830169449666,-0.9213346870165948,0.20794832992837176,0.02173662792047279,-0.9695038191917401,True
MTF1,NEUTRAL,0.03659985907726782,0.13750352374993502,0.0528024351880092,0.19030595893794422,0.004633303012865534,0.004633303012865534,False
MRAS,DIG,-1.5470885445212375,0.5849625007211562,-2.2319769709969135,-1.6470144702757574,-1.8320056251213297,-2.2801461031720596,True
FHDC1,NEUTRAL,-0.054696243087437764,0.13750352374993502,-0.07890999865750371,0.058593525092431306,-0.127079130832649,-0.12707913083264882,False
UBN1,DSG,-0.1862309839746824,1.1210154009613662,-0.26867451704014633,0.8523408839212199,0.6706650934976441,-0.316843649215293,True
DM1-AS,DIG,-1.0413997385204423,0.608809242675524,-1.5024222383465053,-0.8936129956709813,-1.0752825328073363,-1.5505913705216534,True
SCP2,NEUTRAL,-0.003056193219843235,0.13750352374993502,-0.004409154802266309,0.1330943689476687,-0.05257828697741028,-0.05257828697741078,False
MEDAG,NEUTRAL,-0.04074273181203199,0.13750352374993502,-0.05877933713748756,0.07872418661244746,-0.10694846931263116,-0.10694846931263116,False
SMIM15-AS1,NEUTRAL,-0.028329516412902548,0.13750352374993502,-0.040870852839677,0.09663267091025801,-0.08903998501482228,-0.08903998501482245,False
CASS4,DCG,-0.9625093159458115,1.1699250014423124,-1.3886074169244507,-0.2186824154821383,-0.4031753197901214,-1.4367765490995947,True
FLOT1,DIG,1.075214967483546,0.5484366246960424,1.5512073014781,2.099643926174142,1.911683208497792,1.5030381693029542,True
CAMK2B,DIG,-1.25059097997265,0.523561956057013,-1.8042214049870113,-1.2806594489299985,-1.4639074213647636,-1.8523905371621563,True
CLEC11A,DIG,1.5480687838945493,0.5109619192773794,2.2333911574796748,2.7443530767570543,2.5458603816198515,2.185222025304529,True
SULT1E1,DIG,0.726620986775458,0.53605290024021,1.0482924942267984,1.5843453944670083,1.3966433649259142,1.0001233620516523,True
ZNF391,DIG,-0.9519848169208562,0.49825086752782544,-1.373423774373307,-0.8751729068454817,-1.06664235176111,-1.4215929065484523,True
ARHGAP42,NEUTRAL,0.03837069429836222,0.13750352374993502,0.0553572103797136,0.1928607341296486,0.007188078204567775,0.007188078204567775,False
SIDT2,NEUTRAL,-0.028379219256748155,0.13750352374993502,-0.040942558886011136,0.09656096486392388,-0.08911169106115695,-0.08911169106115695,False
BCKDHA,DIG,0.7711561875058985,0.4854268271702419,1.1125432074655994,1.5979700346358414,1.4044485354952194,1.0643740752904531,True
GLIS2-AS1,DCG,-0.8301380439500733,1.070389327891398,-1.1976360392600351,-0.12724671136863708,-0.31506111090810585,-1.2458051714351779,True
TRDMT1,DSG,-0.029578789628673025,1.1375035237499351,-0.04267317311278448,1.0948303506371506,0.9063239589068844,-0.09084230528792948,False
TSPYL5,DCG,-0.9376805371939341,1.3291235962915664,-1.352787060947788,-0.02366346465622149,-0.2052969882203844,-1.4009561931229333,True
ANKRD52,DIG,1.5776465261550858,0.4329594072761063,2.276062819559643,2.7090222268357493,2.5130209328504862,2.2278936873844963,True
CENPUP2,DIG,-1.6537722542052842,0.5484366246960424,-2.3858890299017257,-1.8374524052056833,-2.025342583161335,-2.434058162076844,True
GABRG1,NEUTRAL,0.03141882562596782,0.13750352374993502,0.04532778392113885,0.18283130767107386,-0.0028413482540057644,-0.002841348254005925,False
COL7A1,NEUTRAL,-0.04883285304602777,0.13750352374993502,-0.07045091492196377,0.06705260882797125,-0.11862004709710824,-0.11862004709710824,False
LINC01436,DIG,-0.8693827220839895,0.4724877714627438,-1.2542541417851196,-0.7817663703223758,-0.9624558607145662,-1.3024232739602648,True
RPS14,NEUTRAL,-0.019507144305371687,0.13750352374993502,-0.028142860351265116,0.1093606633986699,-0.0763119925264106,-0.07631199252641044,False
PDGFRA,NEUTRAL,-0.008352422263802416,0.13750352374993502,-0.012049998179398315,0.1254535255705367,-0.06021913035454353,-0.06021913035454403,False
ROBO3,NEUTRAL,0.008952317424020407,0.13750352374993502,0.0129154639520981,0.15041898770203313,-0.03525366822304729,-0.03525366822304713,False
DIPK1B,NEUTRAL,0.04735588963409558,0.13750352374993502,0.06832010713199477,0.2058236308819298,0.02015097495685037,0.02015097495685037,False
HSPA12A,NEUTRAL,-0.054933786751193606,0.13750352374993502,-0.07925270172319886,0.05825082202673616,-0.12742183389834427,-0.12742183389834444,False
DUSP23,DCG,-0.980393408376447,1.399171093819823,-1.4144087083849284,-0.015237614565105417,-0.19652717937438935,-1.4625778405600736,True
ARMH3,NEUTRAL,0.018036830626628423,0.13750352374993502,0.026021646098391,0.16352516984832602,-0.0221474860767527,-0.0221474860767527,False
CCDC40,DSG,0.1057988819719255,1.3434078222978139,0.15263552235249367,1.4960433446503076,1.316439360596316,0.1044663901773473,False
ECI2,DIG,0.6232901868117642,0.5969351423872323,0.8992176615480878,1.49615280393532,1.3000134512372419,0.8510485293729426,True
PCDHGB4,NEUTRAL,-0.06429850611425815,0.13750352374993502,-0.09276313590760893,0.04474038784232609,-0.14093226808275483,-0.140932268082755,False
SLC6A7,NEUTRAL,0.05687195019535785,0.13750352374993502,0.08204888051252689,0.21955240426246192,0.033879748337382436,0.033879748337382436,False
MSI1,NEUTRAL,-0.08504538756191077,0.13750352374993502,-0.12269455888604859,0.014808964863886429,-0.17086369106119287,-0.17086369106119287,False
MFSD2A,NEUTRAL,0.00585787176880461,0.13750352374993502,0.008451122551017872,0.1459546463009529,-0.039718009624126284,-0.03971800962412645,False
TXNP4,NEUTRAL,-0.0013162595742667296,0.13750352374993502,-0.0018989611603172291,0.13560456258961778,-0.05006809333546253,-0.05006809333546302,False
YPEL2,DSG,0.07519665584939741,-0.7369655941662062,0.10848584248535971,-0.6284797516808465,-0.8141524076059267,0.06031671031021507,False
SAP18,NEUTRAL,0.04148905409949168,0.13750352374993502,0.05985605260051057,0.1973595763504456,0.011686920425365843,0.011686920425365208,False
FAM242C,NEUTRAL,-0.0408074705350503,0.13750352374993502,-0.058872735372139565,0.07863078837779545,-0.1070418675472836,-0.10704186754728395,False
ZFYVE19,NEUTRAL,-0.009216814080761833,0.13750352374993502,-0.013297051967110667,0.12420647178282435,-0.061466184142255825,-0.06146618414225599,False
EEPD1,DIG,-0.9773094673071238,0.523561956057013,-1.409959521897822,-0.8863975658408091,-1.0585842248213526,-1.4581286540729694,True
LINC01337,NEUTRAL,-0.0010219517667969706,0.13750352374993502,-0.0014743647459857041,0.13602915900394932,-0.04964349692113034,-0.04964349692112985,False
CTSA,DCG,-0.7698643458231831,1.1779177921958432,-1.1106794738763321,0.0672383183195111,-0.1197524345114415,-1.1588486060514784,True
TEX30,NEUTRAL,0.034997862409824436,0.13750352374993502,0.05049124254036798,0.18799476629030298,0.0023221103652229045,0.002322110365222585,False
DISP2,NEUTRAL,0.03370256602099264,0.13750352374993502,0.04862252486371897,0.186126048613654,0.0004533926885753836,0.0004533926885753836,False
PSMD6,NEUTRAL,0.0576532711880535,0.13750352374993502,0.08317608843403135,0.22067961218396637,0.035006956258886814,0.0350069562588865,False
SSUH2,DIG,-1.210508572535368,0.523561956057013,-1.7463947145503536,-1.2228327584933405,-1.4031016103031462,-1.794563846725499,True
CCL15,NEUTRAL,-0.04431910954774724,0.13750352374993502,-0.06393895956114966,0.07356456418878536,-0.11210809173629491,-0.11210809173629474,False
LRRD1,DIG,-0.6299249521561857,0.5969351423872323,-0.9087896046079467,-0.31185446222071433,-0.4937365052546696,-0.9569587367830933,True
FBXW11,DIG,1.4445227824013038,0.45943161863729726,2.084005854621488,2.5434374732587854,2.365605223326795,2.0358367224463425,True
SLC25A51,NEUTRAL,-0.007701205662471146,0.13750352374993502,-0.011110491218113127,0.12639303253182188,-0.05927962339325775,-0.05927962339325775,False
FBXO2,NEUTRAL,0.05789991461348963,0.13750352374993502,0.08353191968077592,0.22103544343071094,0.035362787505631044,0.035362787505631356,False
ADPRM,NEUTRAL,-0.00544175816839431,0.13750352374993502,-0.00785079752325948,0.12965272622667554,-0.056019929698405205,-0.05601992969840537,False
PXK,NEUTRAL,0.04568862330379788,0.13750352374993502,0.06591475026543313,0.20341827401536816,0.017745618090288757,0.017745618090288438,False
ATG7,DIG,1.6583379304876167,0.4195388915137848,2.392475908432551,2.812014799946336,2.627078710981649,2.344306776257406,True
PDRG1,DSG,-0.06655981343183207,1.3219280948873624,-0.09602551276059874,1.2259025821267637,1.0290873690302087,-0.14419464493574435,False
BRIX1P1,DCG,-0.8734913517410694,1.2705289423807182,-1.2601816414162381,0.01034730096448011,-0.16894609860313256,-1.308350773591379,True
GABBR1,DIG,-1.1903403338372214,0.608809242675524,-1.7172980965970726,-1.1084888539215485,-1.2896326788704386,-1.7654672287722195,True
AFF1,NEUTRAL,-0.018031968771890255,0.13750352374993502,-0.026014631924670725,0.1114888918252643,-0.07418376409981521,-0.07418376409981521,False
LIPT1,NEUTRAL,0.008276491098919113,0.13750352374993502,0.011940452664372252,0.14944397641430726,-0.03622867951077382,-0.03622867951077382,False
SLC6A16,DIG,-1.4433755538534334,0.5969351423872323,-2.0823507536847092,-1.4854156112974768,-1.6712231250214242,-2.1305198858598557,True
POMT1,NEUTRAL,0.008187774225430839,0.13750352374993502,0.011812461270947545,0.14931598502088256,-0.036356670904196225,-0.0363566709041959,False
VWCE,DIG,-1.5849574723109752,0.5728896684205812,-2.2866102853229506,-1.7137206169023695,-1.8956509064060998,-2.334779417498097,True
ATP5PDP1,NEUTRAL,0.03046405457166008,0.13750352374993502,0.043950340455904756,0.18145386420583978,-0.004218791719239759,-0.004218791719239921,False
OR10AD1,DIG,-1.4624869655276382,0.4854268271702419,-2.1099226925314722,-1.6244958653612303,-1.8193509028338606,-2.158091824706606,True
GCNT3,NEUTRAL,0.027334313356226863,0.13750352374993502,0.03943507832513345,0.17693860207506848,-0.008734053850012453,-0.008734053850012453,False
ZBTB39,DIG,1.2375529569425645,0.4854268271702419,1.7854115138185107,2.2708383409887527,2.0786759257144105,1.7372423816433655,True
CCT5P1,NEUTRAL,0.044418147942640915,0.13750352374993502,0.06408184176232036,0.20158536551225537,0.015912709587176777,0.015912709587176777,False
LRRC37A15P,NEUTRAL,-0.09150398103419224,0.13750352374993502,-0.13201233965962691,0.005491184090308104,-0.18018147183477107,-0.18018147183477143,False
SCRN2,DIG,-1.314359004828866,0.45943161863729726,-1.8962192182143582,-1.436787599577061,-1.6372719096836994,-1.9443883503895036,True
PCBD1,NEUTRAL,-0.04166657031300507,0.13750352374993502,-0.060112154361423725,0.0773913693885113,-0.10828128653656834,-0.10828128653656852,False
GORASP1,NEUTRAL,-0.03984391940224673,0.13750352374993502,-0.05748262493120091,0.08002089881873412,-0.10565175710634472,-0.1056517571063449,False
SYCP1,NEUTRAL,0.008647613036759332,0.13750352374993502,0.012475868443659438,0.14997939219359446,-0.03569326373148591,-0.03569326373148591,False
RSC1A1,NEUTRAL,-0.03533792603255377,0.13750352374993502,-0.05098185064246633,0.0865216731074687,-0.09915098281761146,-0.09915098281761146,False
TRIM62,NEUTRAL,0.02472166664074396,0.13750352374993502,0.03566582586511143,0.17316934961504646,-0.012503306310033302,-0.012503306310033624,False
ACTA1,DCG,-0.8150548111303876,1.1699250014423124,-1.175875534070501,-0.005950532628188565,-0.18977723518696243,-1.2240446662456463,True
RNASE7,NEUTRAL,0.04633412428969186,0.13750352374993502,0.06684601133667131,0.20434953508660633,0.018676879161528517,0.0186768791615282,False
FAM110B,DCG,-1.0505039230104143,1.4059923596758368,-1.515556800161526,-0.10956444048568925,-0.2921166444831361,-1.563725932336671,True
CCDC32,NEUTRAL,0.03268692426743415,0.13750352374993502,0.047157263542540365,0.18466078729247537,-0.0010118686326043575,-0.0010118686326043575,False
RPSAP53,NEUTRAL,-0.04247614166669696,0.13750352374993502,-0.06128011893864077,0.07622340481129425,-0.10944925111378537,-0.10944925111378555,False
TFF3,DIG,0.9027956744747716,0.53605290024021,1.30245884250076,1.83851174274097,1.6447222608619898,1.2542897103256148,True
MAN1A2,DIG,1.2263746702644578,0.37851162325372983,1.769284655062371,2.147796278316101,1.958173367215085,1.7211155228872244,True
OAF,NEUTRAL,0.023265823293787676,0.13750352374993502,0.03356548788814641,0.17106901163808141,-0.014603644286999076,-0.014603644286998915,False
PCMTD1,DCG,-0.939836744203928,1.3146965256562866,-1.3558978101082362,-0.041201284451949594,-0.22684754321041536,-1.4040669422833822,True
NRG4,NEUTRAL,-0.05756916941044741,0.13750352374993502,-0.08305475521654909,0.05444876853338593,-0.13122388739169352,-0.13122388739169386,False
TTC17,DIG,-0.844769364778853,0.5109619192773794,-1.218744573261371,-0.7077826539839916,-0.8887164182241291,-1.266913705436518,True
ZFP91-CNTF,DIG,-1.2766698877468747,0.4854268271702419,-1.8418453159046857,-1.3564184887344437,-1.540201038991951,-1.8900144480798329,True
VKORC1L1,DSG,-0.09426327052726612,1.4659744645040693,-0.13599315292766162,1.3299813115764076,1.154593900051801,-0.1841622851028073,False
RPL26P19,NEUTRAL,-0.04934233666999935,0.13750352374993502,-0.07118594441968171,0.06631757933025331,-0.11935507659482684,-0.11935507659482668,False
PTPN3,NEUTRAL,-0.019192426983789344,0.13750352374993502,-0.02768881923213641,0.10981470451779861,-0.07585795140728077,-0.07585795140728094,False
AQP10,DCG,-0.8852762480250983,1.4059923596758368,-1.2771836528425973,0.12880870683323953,-0.05227753417624723,-1.32535278501773,True
GFI1,NEUTRAL,0.06810663359426468,0.13750352374993502,0.09825710253808734,0.23576062628802236,0.05008797036294349,0.05008797036294349,False
KIF21A,DIG,0.7012205104232199,0.53605290024021,1.011647352957207,1.547700253197417,1.3491074835397732,0.9634782207820601,True
LINC02458,DIG,1.263663558403813,0.405992359675837,1.823081149061282,2.2290735087371187,2.0368467860970703,1.7749120168861354,True
UBR7,NEUTRAL,-0.03300054464027226,0.13750352374993502,-0.04760972209915565,0.08989380165077937,-0.09577885427429972,-0.09577885427429988,False
FOXP4-AS1,DIG,0.9630615332251483,0.5849625007211562,1.3894040980548432,1.9743665987759993,1.7828578984827672,1.3412349658796978,True
GABARAPL2,NEUTRAL,-0.027992138877332876,0.13750352374993502,-0.0403841199422033,0.09711940380773172,-0.08855325211734717,-0.08855325211734717,False
MGLL,DIG,-1.256551020525271,0.4854268271702419,-1.8128199259357747,-1.327393098765533,-1.5132888934390232,-1.8609890581109194,True
FBXL18,DIG,-0.7728571292113557,0.5109619192773794,-1.1149971476289038,-0.6040352283515243,-0.7758833085788898,-1.1631662798040507,True
KLHL33,NEUTRAL,0.02736218148965918,0.13750352374993502,0.03947528354303509,0.1769788072929701,-0.008693848632110103,-0.008693848632110264,False
DENR,NEUTRAL,0.01899079951278377,0.13750352374993502,0.02739793227960969,0.1649014560295447,-0.02077119989553522,-0.02077119989553522,False
PTENP1-AS,DIG,-1.3658580802687152,0.3645724322958561,-1.9705166789617954,-1.6059442466659393,-1.8018899535829365,-2.018685811136933,True
RPL31P15,NEUTRAL,-0.027192275059462385,0.13750352374993502,-0.039230160378775025,0.09827336337116,-0.08739929255391955,-0.08739929255391955,False
MAPK4,NEUTRAL,0.018686602479146767,0.13750352374993502,0.026959068727728453,0.16446259247766348,-0.021210063447417084,-0.021210063447417084,False
CBLN3,NEUTRAL,0.04378595707467445,0.13750352374993502,0.06316978313220985,0.20067330688214485,0.015000650957066326,0.015000650957066009,False
DHRS4,NEUTRAL,-0.036371105682639175,0.13750352374993502,-0.052472413799991936,0.08503110994994309,-0.10064154597513615,-0.1006415459751358,False
CCDC150,NEUTRAL,0.028662976915907135,0.13750352374993502,0.04135193465369406,0.17885545840362907,-0.0068171975214509845,-0.0068171975214509845,False
PASK,NEUTRAL,0.042704538479102376,0.13750352374993502,0.06160962588725292,0.19911314963718793,0.013440493712107385,0.013440493712107067,False
METTL15P1,DSG,0.045972669279785314,1.3785116232537298,0.06632454198637466,1.4448361652401045,1.2576764975399894,0.01815540981123032,False
ELL2P1,DCG,2.0794415416798357,-3.321928094887362,3.0,-0.3219280948873622,-0.5076007508124415,2.9518308678248553,True
PTGS2,DCG,-0.9386533359002516,1.3362833878644325,-1.3541905128171754,-0.017907124952742937,-0.2042087402710599,-1.4023596449923212,True
TEX14,DSG,-0.06012453157423792,1.3645724322958561,-0.08674136353792496,1.277831068757931,1.088612307597198,-0.13491049571306934,False
SLC26A4,DIG,1.1568718372657916,0.4462562298895641,1.6690132625674614,2.1152694924570254,1.9410491249560253,1.6208441303923153,True
PEX5,DIG,1.5987451376334672,0.5728896684205812,2.3065016817091464,2.8793913501297275,2.694762549383109,2.258332549533999,True
NEUROG2,NEUTRAL,-0.03919247452816249,0.13750352374993502,-0.05654278864194704,0.08096073510798799,-0.10471192081709176,-0.10471192081709176,False
CSMD1,NEUTRAL,0.0013324128858182719,0.13750352374993502,0.0019222654627865734,0.13942578921272158,-0.04624686671235932,-0.046246866712359155,False
QSER1,DIG,1.0996136048738283,0.4854268271702419,1.5864070946455082,2.07183392181575,1.8961973011469355,1.5382379624703628,True
MAP7,DIG,1.2049469025075599,0.4462562298895641,1.7383709207821738,2.184627150671738,1.9885130896187568,1.690201788607028,True
LRRC4,DIG,-1.4736120384278824,0.49825086752782544,-2.1259727800341826,-1.6277219125063571,-1.8066802469210896,-2.174141912209329,True
HIC1,NEUTRAL,-0.021379845954489562,0.13750352374993502,-0.030844597733512058,0.10665892601642296,-0.07901372990865743,-0.07901372990865778,False
LRP6,DIG,0.8990721351267771,0.5849625007211562,1.2970869107488534,1.8820494114700095,1.7076831104039019,1.248917778573708,True
RMC1,NEUTRAL,-0.05254202770554466,0.13750352374993502,-0.0758021228090398,0.06170140094089521,-0.12397125498418565,-0.12397125498418565,False
USP30,NEUTRAL,0.0017187881565652035,0.13750352374993502,0.0024796871498153025,0.13998321089975033,-0.04568944502533099,-0.045689445025330656,False
UBC,NEUTRAL,0.049346606729789334,0.13750352374993502,0.07119210481376502,0.20869562856370005,0.02302297263861867,0.02302297263861867,False
FAM107A,NEUTRAL,0.012832106552385068,0.13750352374993502,0.01851281648728471,0.15601634023721972,-0.02965631568786145,-0.029656315687861288,False
PGBD5,DCG,-0.9094369047746774,1.3504972470841334,-1.3120401125198355,0.03845713456429789,-0.1447245872750077,-1.3602092446949812,True
AGR2,DIG,1.4938493368826293,0.5728896684205812,2.155169030155836,2.728058698576417,2.5554692320293895,2.106999897980691,True
ZNF311,DIG,1.0469624441313081,0.5849625007211562,1.5104475261452268,2.095410026866383,1.9133261942837714,1.4622783939700805,True
NAMA,NEUTRAL,-0.0011819101725343353,0.13750352374993502,-0.001705135944691505,0.1357983878052435,-0.04987426811983641,-0.049874268119836904,False
LPL,NEUTRAL,-0.04121895533632114,0.13750352374993502,-0.05946638245433418,0.07803714129560084,-0.10763551462947885,-0.10763551462947868,False
MTURN,DSG,0.031845839675605406,1.4059923596758368,0.04594383497294091,1.4519361946487777,1.2703921400593456,-0.002225297202203595,False
ITGB3BP,NEUTRAL,0.01817738521320072,0.13750352374993502,0.026224423503413054,0.16372794725334808,-0.021944708671730897,-0.021944708671730734,False
AOX3P-AOX2P,NEUTRAL,0.004282982538183498,0.13750352374993502,0.006179037668051358,0.14368256141798638,-0.04199009450709382,-0.04199009450709382,False
BRMS1L,DIG,0.7810785194333295,0.523561956057013,1.1268581065313583,1.6504200625883714,1.4706238665864746,1.0786889743562116,True
ADAM19,NEUTRAL,0.0065834102466277794,0.13750352374993502,0.009497853314947485,0.1470013770648825,-0.03867127886019886,-0.038671278860199186,False
KLHL3,NEUTRAL,0.0726463249804908,0.13750352374993502,0.1048064927881621,0.24231001653809714,0.056637360613017815,0.056637360613017815,False
LINC01070,NEUTRAL,0.008471641677912882,0.13750352374993502,0.012221995436913173,0.1497255191868482,-0.03594713673823198,-0.035947136738231814,False
UBOX5-AS1,DSG,-0.1644892242131971,-0.7369655941662062,-0.23730778805205227,-0.9742733822182585,-1.1599460381433389,-0.28547692022719756,False
MAP3K9,NEUTRAL,-0.03794012512859604,0.13750352374993502,-0.05473603037373225,0.08276749337620276,-0.10290516254887715,-0.10290516254887733,False
PXMP4,DSG,-0.07469786935120774,1.070389327891398,-0.1077662456779591,0.962623082213439,0.7691546735172383,-0.15593537785310585,False
CWC27,NEUTRAL,0.02012319870296922,0.13750352374993502,0.029031638975596914,0.16653516272553193,-0.019137493199548467,-0.019137493199548952,False
ZNF23,NEUTRAL,0.05877483424115265,0.13750352374993502,0.08479416188878178,0.2222976856387168,0.03662502971363624,0.03662502971363624,False
PKIB,DIG,1.326990393867798,0.4462562298895641,1.9144424605403647,2.360698690429929,2.168602686570407,1.8662733283652178,True
TRAF5,DCG,-0.85375013787374,1.412781525338476,-1.2317010900687135,0.18108043526976236,-0.0008685359343726011,-1.2798702222438603,True
PHYHIP,NEUTRAL,-0.019607113233752086,0.13750352374993502,-0.0282870850284825,0.10921643872145252,-0.07645621720362725,-0.07645621720362691,False
LMO1,NEUTRAL,0.02569075113876149,0.13750352374993502,0.037063919264603694,0.17456744301453872,-0.011105212910541049,-0.011105212910540887,False
PLAAT1,DSG,0.017372073139384426,1.3074285251922473,0.02506260376815028,1.3324911289603976,1.1440063153474267,-0.02310652840699555,False
RAPGEF1,NEUTRAL,-0.06318376287218957,0.13750352374993502,-0.09115490136041211,0.046348622389522906,-0.13932403353555634,-0.13932403353555617,False
RANBP3L,DSG,0.025811624996897313,1.2705289423807182,0.03723830338030936,1.3077672457610277,1.1292516723232033,-0.010930828794835527,False
HSD11B1L,NEUTRAL,-0.012697767481487281,0.13750352374993502,-0.018319006175902843,0.11918451757403217,-0.0664881383510479,-0.06648813835104773,False
RNF25,NEUTRAL,0.018171211817542995,0.13750352374993502,0.02621551717611221,0.16371904092604722,-0.02195361499903157,-0.021953614999031895,False
SLC9B1,NEUTRAL,-0.00785412036122983,0.13750352374993502,-0.011331100495691311,0.12617242325424372,-0.05950023267083669,-0.05950023267083669,False
APOB,DIG,-1.355473954926482,0.523561956057013,-1.955535552826586,-1.431973596769573,-1.610519174788649,-2.003704685001733,True
NDUFAF6,DCG,-1.0140630872502907,1.3645724322958561,-1.4629837871245468,-0.09841135482869068,-0.27797117349872136,-1.511152919299692,True
SYN2,DIG,1.426131056561333,0.4724877714627438,2.057472202958773,2.5299599744215167,2.3520859307484328,2.0093030707836275,True
L3MBTL1,DCG,-0.867889496278252,1.3219280948873624,-1.2520998723202545,0.06982822256710786,-0.12071842370250893,-1.3002690044954004,True
TSPAN14,NEUTRAL,0.010609765468189314,0.13750352374993502,0.015306656025951694,0.1528101797758867,-0.032862476149193756,-0.03286247614919343,False
USP6NL,DSG,0.11425238428946133,-0.7369655941662062,0.16483134822414597,-0.5721342459420602,-0.7578069018671411,0.11666221604900008,False
MLYCD,NEUTRAL,0.08861364088805691,0.13750352374993502,0.1278424602643152,0.26534598401425025,0.07967332808917114,0.07967332808917145,False
CRYZL2P-SEC16B,DCG,0.6985325949959571,-0.7369655941662062,1.007769510699966,0.2708039165337598,0.08513126060867916,0.9596003785248199,True
CDS1,NEUTRAL,0.014412091057611548,0.13750352374993502,0.020792252297656355,0.15829577604759137,-0.02737687987748869,-0.027376879877488526,False
STK35,DSG,0.0765755768692456,1.1779177921958432,0.11047520500247224,1.2883929971983155,1.095893040642694,0.06230607282732706,False
NPFFR2,DIG,-1.5797256404045668,0.49825086752782544,-2.2790623473768106,-1.7808114798489851,-1.9674961310459127,-2.327231479551953,True
EIPR1-IT1,DIG,-0.9713545823300662,0.4195388915137848,-1.4013684388723568,-0.9818295473585721,-1.153945561942854,-1.4495375710474978,True
TMEM39B,NEUTRAL,0.006697723480388904,0.13750352374993502,0.00966277245040264,0.14716629620033767,-0.038506359724741764,-0.038506359724741764,False
HINT3,DIG,-1.6691369231001356,0.4854268271702419,-2.4080555615212287,-1.9226287343509867,-2.1119162236552596,-2.456224693696374,True
TMEM74,DCG,0.7912817991290048,-0.7369655941662062,1.141578327549112,0.4046127333829058,0.21894007745782712,1.093409195373968,True
PACC1,DCG,-0.9058607044898835,1.3575520046180838,-1.3068807461037377,0.05067125851434606,-0.1387382791157788,-1.355049878278884,True
VAV2,NEUTRAL,0.017240080517604638,0.13750352374993502,0.024872178667274647,0.16237570241720967,-0.02329695350787082,-0.023296953507870984,False
TRAPPC12-AS1,DIG,-1.3081643370454963,0.3645724322958561,-1.8872822017233362,-1.52270976942748,-1.6997149171729578,-1.9354513338984805,True
GFOD1,DIG,-1.0774867107282438,0.5849625007211562,-1.5544847341913983,-0.9695222334702421,-1.1537168366832133,-1.6026538663665433,True
APCS,DCG,-0.8304433726972639,1.2630344058337937,-1.1980765355294478,0.06495787030434585,-0.12477145011856665,-1.2462456677045881,True
CD58,NEUTRAL,-0.011016161360662339,0.13750352374993502,-0.01589296136466017,0.12161056238527485,-0.06406209353980616,-0.06406209353980599,False
LILRP1,DIG,0.7309493372246346,0.632268215499513,1.054536983955055,1.6868051994545679,1.4885789726964462,1.0063678517799086,True
NAPSB,DIG,0.979180118427659,0.560714954474479,1.4126583009926514,1.9733732554671306,1.7869825240797819,1.364489168817504,True
LSP1,NEUTRAL,0.0009174968205377026,0.13750352374993502,0.0013236681130211348,0.13882719186295617,-0.046845464062123636,-0.046845464062123636,False
MINCR,DCG,2.0794415416798357,-3.321928094887362,3.0,-0.3219280948873622,-0.5076007508124422,2.9518308678248557,True
PPFIA1P1,NEUTRAL,0.02109853926346421,0.13750352374993502,0.030438757965400895,0.16794228171533593,-0.017730374209743847,-0.017730374209743525,False
MYH1,NEUTRAL,-0.021660541236328858,0.13750352374993502,-0.03124955542462254,0.10625396832531248,-0.07941868759976803,-0.07941868759976803,False
SNX16,DCG,-0.7834084023928779,1.0531113364595626,-1.1302194171229505,-0.07710808066338792,-0.2672385591611036,-1.1783885492980959,True
SF3B2,DIG,1.6500781440421295,0.4329594072761063,2.380559555488845,2.8135189627649515,2.6332790338848344,2.3323904233137007,True
SLC38A4,DIG,-1.308598842090344,0.49825086752782544,-1.8879090599967792,-1.3896581924689537,-1.587193697239881,-1.9360781921719241,True
HMGN2,NEUTRAL,-0.0002938445081716677,0.13750352374993502,-0.0004239280147317215,0.13707959573520329,-0.048593060189875685,-0.04859306018987602,False
CREB3L3,NEUTRAL,0.044266149333570495,0.13750352374993502,0.06386255412279244,0.20136607787272748,0.015693421947648212,0.015693421947648212,False
FUNDC2P1,NEUTRAL,0.02597054239021987,0.13750352374993502,0.03746757271556681,0.17497109646550182,-0.010701559459579112,-0.010701559459579273,False
PTPRK,DIG,-1.1302892062989247,0.45943161863729726,-1.6306626326977813,-1.171231014060484,-1.3592710637991603,-1.678831764872926,True
ETV6,DIG,-1.4266572496053032,0.4724877714627438,-2.058231339053859,-1.5857435675911151,-1.7602890731518182,-2.106400471229006,True
ARHGEF26,DSG,-0.13872724840352538,1.3001237245690138,-0.20014111330793743,1.0999826112610764,0.9157052361394366,-0.2483102454830818,False
HEXIM2,NEUTRAL,0.013555225133129149,0.13750352374993502,0.019556056077698863,0.15705957982763388,-0.028613076097446767,-0.028613076097447256,False
TRMT13,NEUTRAL,0.022980459048047436,0.13750352374993502,0.033153794305969944,0.17065731805590495,-0.015015337869174134,-0.015015337869173973,False
TPI1,DSG,-0.014885623749357804,-3.321928094887362,-0.02147541556373748,-3.3434035104510995,-3.5290761663761794,-0.06964454773888215,False
HDGFL3,NEUTRAL,0.02196388088569703,0.13750352374993502,0.031687182032471,0.16919070578240603,-0.01648195014267476,-0.01648195014267476,False
PCAT19,DIG,-1.6222635398743717,0.4854268271702419,-2.3404315639917312,-1.8550047368214893,-2.045026879712077,-2.388600696166877,True
ACRV1,NEUTRAL,0.026814877907806112,0.13750352374993502,0.0386856913796349,0.17618921512956992,-0.009483440795509872,-0.009483440795510356,False
SH3GL1,NEUTRAL,-0.006891681444223388,0.13750352374993502,-0.009942594642967572,0.12756092910696745,-0.05811172681811219,-0.05811172681811236,False
PTGES3L-AARSD1,NEUTRAL,0.030145076176908515,0.13750352374993502,0.04349015190764595,0.18099367565758095,-0.004678980267497681,-0.004678980267497681,False
DOK6,NEUTRAL,-0.010305930612290742,0.13750352374993502,-0.014868314986097612,0.1226352087638374,-0.06303744716124172,-0.06303744716124189,False
RN7SKP292,NEUTRAL,0.021729030595919876,0.13750352374993502,0.03134836468405816,0.16885188843399318,-0.01682076749108618,-0.01682076749108634,False
NKILA,DCG,-0.6713113163050314,1.1043366598147357,-0.9684975069259112,0.13583915288882453,-0.05232606206361826,-1.0166666391010566,True
INO80,NEUTRAL,-0.07023832706744305,0.13750352374993502,-0.10133248614053714,0.03617103760939788,-0.14950161831568234,-0.14950161831568234,False
C8orf48,NEUTRAL,-0.054645772680802375,0.13750352374993502,-0.07883718525213919,0.05866633849779583,-0.12700631742728274,-0.1270063174272829,False
SPPL2B,NEUTRAL,0.008185879797475563,0.13750352374993502,0.011809728189131147,0.14931325193906617,-0.03635940398601451,-0.03635940398601468,False
POLD3,DIG,-0.7892176978093948,0.4462562298895641,-1.1386004588114185,-0.6923442289218544,-0.8576758832091489,-1.186769590986565,True
SUPT16HP1,DIG,-1.1062320457229997,0.5109619192773794,-1.595955486437025,-1.0849935671596453,-1.2753531306811448,-1.6441246186121694,True
RNASEH2A,DIG,0.923930988377533,0.4854268271702419,1.3329506550559054,1.8183774822261474,1.6310169966519976,1.2847815228807593,True
ATG9B,DIG,-1.1126129260092548,0.45943161863729726,-1.6051611507825112,-1.145729532145214,-1.3283620594098526,-1.653330282957658,True
RRM1-AS1,NEUTRAL,0.0034355286398348775,0.13750352374993502,0.0049564201315217835,0.1424599438814568,-0.0432127120436218,-0.0432127120436218,False
AQP2,DIG,0.9233166130889334,0.4854268271702419,1.332064298873798,1.81749112604404,1.6246858399896151,1.2838951666986516,True
AOC1,DIG,-1.098895355797256,0.4195388915137848,-1.5853708802646145,-1.1658319887508297,-1.3541356939106637,-1.6335400124397592,True
LAPTM4A-DT,DIG,0.613430403653617,0.53605290024021,0.8849930012815884,1.4210459015217984,1.2383623864766315,0.8368238691064408,True
MRPS30-DT,DSG,-0.05936282720905518,1.446256229889564,-0.08564245642765234,1.3606137734619117,1.1741836137083774,-0.13381158860279782,False
CCDC152,DSG,0.01475651599758067,1.1292830169449666,0.02128915245050829,1.150572169395475,0.9662392994716215,-0.02687997972463704,False
SELENOWP1,NEUTRAL,-0.03350176926835926,0.13750352374993502,-0.04833283638446818,0.08917068736546685,-0.09650196855961192,-0.0965019685596121,False
CCDC184,DIG,1.4878538675804174,0.4195388915137848,2.1465193963257327,2.5660582878395175,2.3678873040083936,2.0983502641505867,True
CACTIN,NEUTRAL,0.029375601461560475,0.13750352374993502,0.042380034551723886,0.17988355830165892,-0.0057890976234221195,-0.0057890976234217986,False
BACH1-IT2,DIG,1.0419709149982805,0.560714954474479,1.503246271818555,2.063961226293034,1.8756580040111415,1.4550771396434086,True
PTCHD4,DIG,-0.5725280301559256,0.49825086752782544,-0.8259833498758807,-0.3277324823480553,-0.5249819968333033,-0.8741524820510277,True
ZFYVE1,NEUTRAL,-0.041073102593332134,0.13750352374993502,-0.05925596142532389,0.07824756232461114,-0.10742509360046834,-0.10742509360046867,False
LRRC66,NEUTRAL,-0.04048740120618938,0.13750352374993502,-0.05841097293865125,0.07909255081128377,-0.10658010511379531,-0.10658010511379531,False
CFAP43,NEUTRAL,-0.04736874739472087,0.13750352374993502,-0.06833865695948581,0.06916486679044921,-0.11650778913463093,-0.11650778913463042,False
STXBP5-AS1,DIG,0.923651788933725,0.4724877714627438,1.3325478554029047,1.8050356268656484,1.6103420286011336,1.2843787232277581,True
HDGFL1,DIG,1.3391962883810353,0.4724877714627438,1.9320518440242258,2.4045396154869696,2.2122520346429164,1.883882711849077,True
MYL6P5,DSG,-0.03302872332218358,1.4659744645040693,-0.0476503753438079,1.4183240891602613,1.2301624128259854,-0.09581950751895446,False
TMEM64,DCG,-0.9477229262926479,1.3362833878644325,-1.3672751658991797,-0.030991778034747286,-0.21070713137323543,-1.4154442980743263,True
UBQLN4P1,DSG,-0.09658189036342942,1.2630344058337937,-0.1393382142670012,1.1236961915667925,0.9402568376528326,-0.1875073464421471,False
WASHC3,NEUTRAL,-0.014983781843706613,0.13750352374993502,-0.02161702775967762,0.1158864959902574,-0.06978615993482322,-0.06978615993482339,False
RUNX3,NEUTRAL,0.01750392649748574,0.13750352374993502,0.0252528279540076,0.16275635170394262,-0.022916304221136326,-0.022916304221136163,False
TCAM1P,DCG,-1.061095268601448,1.4262647547020981,-1.530836881922052,-0.10457212721995379,-0.2881246389380592,-1.5790060140971975,True
ERG,DIG,0.9668297023197686,0.6205864104518776,1.394840416920883,2.0154268273727607,1.8266445394748787,1.3466712847457374,True
SPAG17,DIG,1.106436362044498,0.33628338786443257,1.5962502525808229,1.9325336404452553,1.7412337516415972,1.5480811204056775,True
TRIM71,NEUTRAL,-0.005923585491380446,0.13750352374993502,-0.008545927412696384,0.12895759633723863,-0.05671505958784172,-0.056715059587841885,False
RPSAP36,NEUTRAL,0.04826914568326625,0.13750352374993502,0.06963765710519514,0.20714118085513017,0.021468524930050997,0.021468524930050997,False
TEX10,NEUTRAL,-0.046154515292951774,0.13750352374993502,-0.06658689032777534,0.07091663342215968,-0.11475602250291897,-0.11475602250291879,False
LZIC,NEUTRAL,0.06869922682617195,0.13750352374993502,0.09911203385502432,0.23661555760495934,0.050942901679880574,0.050942901679880574,False
MIR3654,DIG,-1.4085123267696018,0.405992359675837,-2.03205374886148,-1.6260613891856428,-1.7978888647785287,-2.0802228810366254,True
OSER1,DCG,0.8783112567513595,-0.7369655941662062,1.2671352944721395,0.5301697003059332,0.34449704438085293,1.2189661622969943,True
ARPC3P5,DIG,-1.1663587326638971,0.6438561897747247,-1.6826999595117407,-1.0388437697370159,-1.2286640771332658,-1.7308690916868856,True
MRPS12,DSG,-0.04796888232780839,-0.7369655941662062,-0.0692044686513154,-0.8061700628175216,-0.9918427187426019,-0.1173736008264608,False
ARID4B,DCG,-0.7732356623413575,1.0874628412503395,-1.1155432554983695,-0.028080414248029983,-0.21957582957818791,-1.1637123876735163,True
EZH2,DIG,1.4233155335356529,0.3923174227787603,2.0534102618521155,2.4457276846308758,2.268180602472564,2.0052411296769703,True
SGTA,NEUTRAL,-0.031584510203590196,0.13750352374993502,-0.04556681623962644,0.09193670751030858,-0.09373594841477118,-0.09373594841477134,False
ADIPOQ-AS1,DSG,0.09339415320539432,1.5172756932095817,0.13473928167744648,1.652014974887028,1.469566999177691,0.08657014950230131,False
LINC00661,DIG,0.6577385820503816,0.560714954474479,0.9489161905254242,1.5096311449999034,1.3207947272534921,0.9007470583502765,True
MIR3142HG,DIG,1.459478796068637,0.45943161863729726,2.1055828213708176,2.565014440008115,2.379217722347603,2.0574136891956716,True
CHRND,NEUTRAL,-0.00194112726861839,0.13750352374993502,-0.0028004546841700903,0.13470306906576493,-0.05096958685931475,-0.05096958685931475,False
KRTAP5-AS1,NEUTRAL,-0.01040624610266328,0.13750352374993502,-0.015013039646582417,0.1224904841033526,-0.0631821718217274,-0.06318217182172757,False
SWT1,DCG,-0.8494764006655061,1.185866545311334,-1.2255353905923319,-0.0396688452809979,-0.22150265385460366,-1.2737045227674766,True
FCSK,NEUTRAL,0.035717299337801524,0.13750352374993502,0.05152917062859291,0.18903269437852793,0.003360038453446726,0.0033600384534470456,False
CHID1,NEUTRAL,0.04873381760072112,0.13750352374993502,0.07030803697614764,0.20781156072608264,0.022138904801003424,0.022138904801003424,False
CCDC149,NEUTRAL,0.024102667994731833,0.13750352374993502,0.03477279958819275,0.17227632333812776,-0.013396332586951132,-0.01339633258695097,False
MCOLN2,NEUTRAL,0.023801259032252532,0.13750352374993502,0.03433795837274438,0.1718414821226794,-0.013831173802400757,-0.013831173802400596,False
VAPB,DCG,-1.098068242392154,1.4059923596758368,-1.5841776078568208,-0.17818524818098402,-0.3667378996659722,-1.6323467400319664,True
CLEC10A,NEUTRAL,-0.007623432853392299,0.13750352374993502,-0.01099828877213907,0.12650523497779595,-0.05916742094728479,-0.05916742094728496,False
RHEBL1,DIG,0.7327206248705527,0.5109619192773794,1.057092411857809,1.5680543311351882,1.3805778085098894,1.0089232796826624,True
RDH12,NEUTRAL,-0.0021370789150051655,0.13750352374993502,-0.0030831531526663188,0.1344203705972687,-0.05125228532781139,-0.05125228532781156,False
KLHL18,NEUTRAL,-0.00014327451840150828,0.13750352374993502,-0.00020670143718361052,0.13729682231275142,-0.048375833612329236,-0.04837583361232957,False
NFIA-AS2,DIG,0.7826419921144241,0.4329594072761063,1.1291137208149389,1.5620731280910451,1.3847784993074865,1.0809445886397933,True
VWA3B,NEUTRAL,-0.025429674594593842,0.13750352374993502,-0.0366872654290406,0.10081625832089441,-0.0848563976041848,-0.0848563976041848,False
WRAP73,NEUTRAL,0.003921979435552585,0.13750352374993502,0.005658220282140211,0.14316174403207524,-0.04251091189300387,-0.042510911893003704,False
CRYBB3,NEUTRAL,0.04705231020053952,0.13750352374993502,0.06788213458868755,0.20538565833862257,0.019713002413543127,0.019713002413543443,False
PSORS1C3,DIG,-1.5312215127863245,0.5969351423872323,-2.209085682999327,-1.6121505406120944,-1.7904032968138501,-2.257254815174468,True
GTF2A2,NEUTRAL,-0.03834781400664127,0.13750352374993502,-0.0553242010963137,0.08217932265362132,-0.10349333327145888,-0.10349333327145888,False
MIR29B2,DCG,-0.9053438094000545,1.06177619758669,-1.3061350241209817,-0.24435882653429175,-0.43411604524275527,-1.3543041562961204,True
RN7SKP176,NEUTRAL,-0.033048542655503506,0.13750352374993502,-0.04767896859770228,0.08982455515223274,-0.09584810077284715,-0.09584810077284715,False
ADAMTS9-AS1,NEUTRAL,-0.019004048927518967,0.13750352374993502,-0.027417047144542836,0.11008647660539218,-0.07558617931968753,-0.0755861793196877,False
MAP2,NEUTRAL,0.01619738013192219,0.13750352374993502,0.023367879991717567,0.1608714037416526,-0.024801252183426766,-0.024801252183426603,False
CCKBR,NEUTRAL,0.007806826957579059,0.13750352374993502,0.011262870536777582,0.1487663942867126,-0.036906261638368396,-0.0369062616383679,False
SULT1C2,NEUTRAL,-0.007024709692811981,0.13750352374993502,-0.010134513837504478,0.12736900991243055,-0.05830364601265008,-0.05830364601264975,False
COPS7A,DIG,1.1655154109193429,0.523561956057013,1.6814833034129983,2.2050452594700114,2.0191497964447267,1.6333141712378512,True
TCN2,NEUTRAL,-0.011785410791950116,0.13750352374993502,-0.017002753704385705,0.12050077004554932,-0.06517188587952996,-0.06517188587952946,False
CAGE1,DIG,-1.1751476433974535,0.560714954474479,-1.6953796774418581,-1.1346647229673792,-1.3240731162211246,-1.7435488096169978,True
ATXN1L,NEUTRAL,-0.009379199043021747,0.13750352374993502,-0.013531323946877985,0.12397219980305703,-0.061700456122022296,-0.06170045612202246,False
RD3,DCG,-0.9770884931591748,1.371558862611963,-1.4096407235904114,-0.038081860978448345,-0.2208919818704585,-1.4578098557655539,True
RPS2P5,NEUTRAL,-0.001290593942015592,0.13750352374993502,-0.001861933479947233,0.1356415902699878,-0.05003106565509333,-0.05003106565509333,False
KCND2,DIG,1.501176374659528,0.405992359675837,2.1657397112209735,2.5717320708968106,2.3876397727453686,2.1175705790458266,True
OR10D1P,NEUTRAL,0.013093586492265115,0.13750352374993502,0.0188900522998416,0.1563935760497766,-0.029279079875303052,-0.029279079875303052,False
FUBP1,NEUTRAL,0.050359137478019546,0.13750352374993502,0.07265287790298434,0.21015640165291938,0.024483745727840615,0.024483745727840615,False
RBM22,NEUTRAL,-0.021495139673337098,0.13750352374993502,-0.031010931409939047,0.10649259233999597,-0.0791800635850847,-0.07918006358508486,False
KHDC1L,DIG,-1.3566784585216967,0.49825086752782544,-1.957273284190135,-1.4590224166623096,-1.6523533474895848,-2.00544241636527,True
RFPL2,NEUTRAL,-0.022948203918945663,0.13750352374993502,-0.03310725999117158,0.10439626375876343,-0.08127639216631545,-0.08127639216631527,False
AGGF1,NEUTRAL,0.030594793552048093,0.13750352374993502,0.04413895693456142,0.18164248068449645,-0.004030175240583833,-0.004030175240583672,False
PBX4,DIG,0.944389335011899,0.5484366246960424,1.3624658102900926,1.910902434986135,1.7274428724669557,1.3142966781149452,True
SFRP5,NEUTRAL,0.012790432637540443,0.13750352374993502,0.018452693737003943,0.15595621748693897,-0.029716438438140865,-0.029716438438140536,False
ATP11A,NEUTRAL,-0.03946164729773993,0.13750352374993502,-0.05693112286175877,0.08057240088817624,-0.1051002550369037,-0.10510025503690387,False
ADAMTS19,NEUTRAL,-0.016619857821039287,0.13750352374993502,-0.023977386458693035,0.11352613729124199,-0.07214651863383771,-0.07214651863383821,False
ZFAS1,DCG,-0.995595697660802,1.4262647547020981,-1.436340975745627,-0.010076221043528788,-0.19094004382642668,-1.484510107920772,True
FZD7,NEUTRAL,0.08636774099662348,0.13750352374993502,0.12460231162861111,0.26210583537854615,0.07643317945346545,0.07643317945346606,False
IL7,DCG,-0.8260714079369182,1.3291235962915664,-1.191769123650756,0.13735447264081047,-0.04387094377062833,-1.239938255825902,True
RBM5-AS1,NEUTRAL,-0.04949564980748433,0.13750352374993502,-0.07140712852283443,0.06609639522710059,-0.11957626069797941,-0.1195762606979796,False
C17orf78,DIG,1.162372207244465,0.405992359675837,1.6769486190587484,2.0829409787345856,1.8999954390484155,1.6287794868835999,True
DNAJB6P1,NEUTRAL,-0.07444360171361301,0.13750352374993502,-0.10739941501814264,0.03010410873179238,-0.155568547193287,-0.1555685471932872,False
RNU6-762P,NEUTRAL,0.021107331604656807,0.13750352374993502,0.030451442632437264,0.16795496638237228,-0.017717689542708255,-0.017717689542708092,False
CAPS2,DIG,1.7302571358566912,0.5849625007211562,2.49623338936319,3.081195890084346,2.8965716015184744,2.4480642571880438,True
ASCL5,DCG,-0.9198911360181214,1.3504972470841334,-1.3271223800910588,0.023374866993074672,-0.16281963572742358,-1.3752915122661995,True
RPL5P28,NEUTRAL,-0.00024221779182680993,0.13750352374993502,-0.000349446407083614,0.1371540773428514,-0.04851857858222818,-0.04851857858222768,False
MYOZ2,NEUTRAL,0.030883538742033676,0.13750352374993502,0.04455552818823416,0.18205905193816918,-0.0036136039869105563,-0.0036136039869111986,False
EBF4,DSG,-0.012940789194954904,1.0874628412503395,-0.018669612396750922,1.0687932288535886,0.8831169164279351,-0.06683874457189724,False
LRP8,NEUTRAL,0.023628183449155692,0.13750352374993502,0.0340882630873116,0.17159178683724663,-0.014080869087834083,-0.01408086908783392,False
CLCA2,NEUTRAL,-0.019690907698245066,0.13750352374993502,-0.028407974886860473,0.10909554886307454,-0.07657710706200427,-0.07657710706200427,False
LINC01960,NEUTRAL,0.03131838354303959,0.13750352374993502,0.04518287662620175,0.18268640037613676,-0.0029862555489426055,-0.002986255548942766,False
IGIP,NEUTRAL,-0.02677305294373477,0.13750352374993502,-0.038625350711383816,0.0988781730385512,-0.08679448288652923,-0.0867944828865294,False
KRT8P37,DSG,0.00444158429022953,1.3001237245690138,0.006407851629204469,1.3065315761982184,1.121812763769213,-0.04176128054593969,False
PFN1P11,NEUTRAL,-0.06739147773053453,0.13750352374993502,-0.09722535072002117,0.04027817302991385,-0.1453944828951661,-0.14539448289516557,False
SRXN1,DSG,0.10514299338614451,1.20945336562895,0.15168927514241176,1.3611426407713616,1.1868461336197054,0.10352014296726555,False
CDH23,NEUTRAL,0.06223359031542873,0.13750352374993502,0.08978409212478446,0.22728761587471946,0.04161495994964135,0.041614959949640415,False
TAMM41,DIG,0.6258778456615852,0.3645724322958561,0.9029508641382371,1.2675232964340932,1.0747169262884215,0.85478173196309,True
ZFP82,DSG,-0.15004727063867732,1.1127001327493624,-0.21647245324934394,0.8962276795000185,0.7095686522495724,-0.2646415854244885,False
PTH1R,NEUTRAL,-0.005651459670162284,0.13750352374993502,-0.008153332839927105,0.1293501909100079,-0.05632246501507129,-0.05632246501507162,False
ATM,NEUTRAL,0.026877780189196728,0.13750352374993502,0.038776440189057744,0.17627996393899276,-0.009392691986086239,-0.009392691986086077,False
GATA2-AS1,DIG,1.0150567460673934,0.4854268271702419,1.4644173337723163,1.949844160942558,1.7648666129509716,1.4162482015971711,True
IFNLR1,NEUTRAL,0.008272522552696112,0.13750352374993502,0.011934727262416789,0.1494382510123518,-0.036234404912728176,-0.0362344049127285,False
COX20,DCG,-0.7233872299633054,1.1375035237499351,-1.0436271693104648,0.09387635443947029,-0.09236745539794278,-1.0917963014856114,True
ZNF77,NEUTRAL,-0.018256557958295085,0.13750352374993502,-0.02633864563013426,0.11116487811980076,-0.07450777780527987,-0.07450777780527937,False
GHRH,DSG,-0.0751860147973152,1.2479275134435854,-0.10847049069229085,1.1394570227512946,0.962582971310675,-0.15663962286743469,False
MBOAT2,DIG,1.274140151634501,0.37851162325372983,1.8381956781606066,2.2167073014143366,2.030248916590807,1.7900265459854614,True
LINC02829,DIG,-0.5852068330287321,0.5728896684205812,-0.8442749959048874,-0.2713853274843062,-0.4542029687761364,-0.8924441280800302,True
RPL23AP1,DIG,-1.334341516377843,0.5484366246960424,-1.9250478885305737,-1.3766112638345314,-1.556531596969035,-1.9732170207057214,True
KRT14,NEUTRAL,0.02880860152630878,0.13750352374993502,0.0415620265569519,0.17906555030688692,-0.006607105618192546,-0.006607105618192224,False
DYDC2,DIG,-0.9382108730400811,0.4854268271702419,-1.3535521738430298,-0.868125346672788,-1.0649363874612328,-1.4017213060181746,True
PYHIN1,DCG,-0.8942898826716222,1.3362833878644325,-1.2901875788475223,0.04609580901691013,-0.1320837014936942,-1.3383567110226673,True
FAM174B,DIG,-1.4899563723606677,0.3923174227787603,-2.149552669545645,-1.7572352467668848,-1.9508312104257786,-2.197721801720791,True
DMGDH,NEUTRAL,0.09850217888951715,0.13750352374993502,0.14210860500066394,0.27961212875059893,0.09393947282551826,0.09393947282551796,False
PIK3R2,DIG,1.0415105934171585,0.53605290024021,1.502582168156256,2.038635068396466,1.8567950801520237,1.4544130359811092,True
C19orf84,DIG,1.582142164881459,0.560714954474479,2.28254865525581,2.843263609730289,2.6509726054583864,2.234379523080663,True
SLC25A33,NEUTRAL,-0.013528505176160492,0.13750352374993502,-0.019517507328287415,0.1179860164216476,-0.06768663950343315,-0.0676866395034335,False
GBP2,NEUTRAL,-0.00025313410202941304,0.13750352374993502,-0.00036519531367771506,0.1371383284362573,-0.04853432748882292,-0.048534327488823255,False
HORMAD2-AS1,NEUTRAL,0.03621362080137486,0.13750352374993502,0.052245211142776915,0.18974873489271193,0.004076078967632217,0.004076078967632217,False
SH3BP1,NEUTRAL,-0.005085882380629308,0.13750352374993502,-0.007337377289078459,0.13016614646085656,-0.055506509464224855,-0.05550650946422469,False
ZEB2-AS1,NEUTRAL,-0.014171545580459613,0.13750352374993502,-0.020445218530660992,0.11705830521927403,-0.06861435070580645,-0.06861435070580661,False
SEPTIN9,DSG,-0.0012279443246816012,1.145677455195635,-0.0017715491877058932,1.143905906007929,0.9566195083762045,-0.04994068136285055,False
CDPF1P1,DIG,-1.32402367113475,0.49825086752782544,-1.9101623843657036,-1.4119115168378782,-1.5881364729440848,-1.9583315165408488,True
ING1,NEUTRAL,0.012404782857888808,0.13750352374993502,0.017896318712380607,0.15539984246231564,-0.030272813462764083,-0.030272813462764083,False
ARRDC4,DIG,-1.4598245738285744,0.4195388915137848,-2.106081673230329,-1.6865427817165441,-1.8775773655429595,-2.154250805405475,True
NIPAL1,NEUTRAL,0.02340770652892311,0.13750352374993502,0.033770182127861585,0.1712737058777966,-0.0143989500472832,-0.014398950047283362,False
VDAC1P7,NEUTRAL,0.029803946712566306,0.13750352374993502,0.042998006121138334,0.18050152987107335,-0.0051711260540065656,-0.005171126054006726,False
RNU6-343P,DIG,-1.4820806095194285,0.4854268271702419,-2.1381903455513718,-1.6527635183811298,-1.8398876457698605,-2.18635947772651,True
PITPNB,NEUTRAL,-0.08677740606162503,0.13750352374993502,-0.1251933333863143,0.012310190363620716,-0.17336246556145918,-0.17336246556145882,False
LINC01353,DCG,-0.9132651951605265,1.0789513413948222,-1.317563168074583,-0.23861182667976077,-0.42169788849078227,-1.3657323002497248,True
PLG,NEUTRAL,0.04442087455582073,0.13750352374993502,0.06408577543363331,0.20158929918356833,0.015916643258488013,0.015916643258487698,False
EHD2,DIG,1.2939990223427098,0.560714954474479,1.8668459724489943,2.4275609269234733,2.23278989939752,1.8186768402738487,True
TMEM178A,DIG,-0.7608661103459703,0.4195388915137848,-1.0976977641766061,-0.6781588726628214,-0.8587757786542458,-1.1458668963517522,True
NUP37,NEUTRAL,-0.04659442014444503,0.13750352374993502,-0.06722153887548767,0.07028198487444735,-0.11539067105063151,-0.11539067105063133,False
ADO,NEUTRAL,0.013142411099183259,0.13750352374993502,0.01896049131811576,0.15646401506805077,-0.029208640857028748,-0.029208640857029074,False
PHF14,DIG,-1.3976506043208143,0.6205864104518776,-2.016383595749102,-1.3957971852972242,-1.5754911690500475,-2.064552727924248,True
HCAR1,NEUTRAL,-0.006312090428405642,0.13750352374993502,-0.009106421558703512,0.12839710219123152,-0.05727555373384841,-0.05727555373384841,False
CPNE2,NEUTRAL,0.08747580422327211,0.13750352374993502,0.12620090895068853,0.26370443270062355,0.07803177677554378,0.07803177677554438,False
MMACHC,NEUTRAL,-0.03967571717841409,0.13750352374993502,-0.057239960417011064,0.08026356333292395,-0.10540909259215506,-0.10540909259215471,False
ANKS6,NEUTRAL,-0.030636039675328994,0.13750352374993502,-0.04419846251207467,0.09330506123786035,-0.0923675946872194,-0.09236759468721992,False
LINC-PINT,DIG,1.00342873464066,0.5969351423872323,1.447641659351568,2.0445768017388004,1.8600015066163016,1.3994725271764221,True
ATN1,DSG,0.06499091838697371,-3.321928094887362,0.09376207565970633,-3.228166019227656,-3.413838675152736,0.04559294348456087,False
GATA6,NEUTRAL,0.016337579217737767,0.13750352374993502,0.023570144517560867,0.1610736682674959,-0.024598987657585444,-0.024598987657584954,False
TWF2,NEUTRAL,0.02163204118208037,0.13750352374993502,0.03120843853769318,0.1687119622876282,-0.01696069363745156,-0.016960693637451396,False
EEF1A1P17,DIG,1.3886246712667123,0.49825086752782544,2.003361926892553,2.501612794420378,2.2993522274128466,1.955192794717406,True
MED6,NEUTRAL,-0.0016492399490357218,0.13750352374993502,-0.0023793502957098027,0.13512417345422523,-0.050548482470853764,-0.05054848247085393,False
FA2H,NEUTRAL,0.010964244078244352,0.13750352374993502,0.01581806055877931,0.15332158430871434,-0.03235107161636434,-0.03235107161636434,False
TDRD5,DCG,-0.8038483491789192,1.1043366598147357,-1.1597080269872067,-0.05537136717247093,-0.24806136147891233,-1.2078771591623516,True
CCDC183-AS1,NEUTRAL,0.03227124990091626,0.13750352374993502,0.046557572195340347,0.18406109594527537,-0.0016115599798054365,-0.001611559979805276,False
ATP10D,NEUTRAL,-0.007618484547546184,0.13750352374993502,-0.010991149875834078,0.12651237387410094,-0.0591602820509784,-0.05916028205097856,False
PRDX3P4,NEUTRAL,0.060153676404451364,0.13750352374993502,0.08678341063994144,0.22428693438987646,0.03861427846479633,0.03861427846479633,False
ALMS1,DIG,-1.6186794046303477,0.4724877714627438,-2.3352607498493025,-1.8627729783865588,-2.0383426046355444,-2.3834298820244477,True
MOB2,NEUTRAL,-0.01954259365475112,0.13750352374993502,-0.02819400295181756,0.10930952079811745,-0.07636313512696298,-0.07636313512696315,False
SAT2,NEUTRAL,0.0073049439577580096,0.13750352374993502,0.010538806421829278,0.1480423301717643,-0.03763032575331602,-0.03763032575331602,False
ZNF423,NEUTRAL,-0.009331473902831325,0.13750352374993502,-0.013462471123799533,0.12404105262613549,-0.06163160329894461,-0.06163160329894428,False
KBTBD12,DIG,-1.2185008548125973,0.4724877714627438,-1.757925140557097,-1.2854373690943532,-1.462937596741215,-1.8060942727322422,True
AP5Z1,DIG,1.0000745989457906,0.5728896684205812,1.4428026644181111,2.015692332838692,1.8407095606587986,1.3946335322429646,True
S100A13,DCG,-0.9699977994377591,1.3362833878644325,-1.3994110149220624,-0.06312762705762998,-0.24940846492957125,-1.4475801470972087,True
MIR924HG,NEUTRAL,-0.013927311253954593,0.13750352374993502,-0.020092862878997343,0.11741066087093768,-0.06826199505414247,-0.06826199505414231,False
LINC02343,NEUTRAL,0.024315229938600764,0.13750352374993502,0.03507946165049418,0.1725829854004292,-0.013089670524650354,-0.013089670524650031,False
CLINT1,NEUTRAL,0.010955816530471974,0.13750352374993502,0.015805902177401247,0.15330942592733626,-0.03236322999774286,-0.0323632299977427,False
TMEM120B,NEUTRAL,-0.0033124915918619022,0.13750352374993502,-0.0047789151925655545,0.13272460855736948,-0.05294804736771007,-0.05294804736771007,False
SUFU,NEUTRAL,-0.01147594911227854,0.13750352374993502,-0.01655629487377835,0.12094722887615666,-0.06472542704892437,-0.06472542704892403,False
GALNT16,NEUTRAL,-0.009631331105254179,0.13750352374993502,-0.013895073622709822,0.1236084501272252,-0.062064205797854384,-0.062064205797854724,False
TFDP1,NEUTRAL,-0.033360616719853235,0.13750352374993502,-0.0481291963027297,0.08937432744720532,-0.09629832847787567,-0.09629832847787567,False
RPL26,NEUTRAL,-0.005938298243384729,0.13750352374993502,-0.008567153427050792,0.12893637032288424,-0.05673628560219466,-0.05673628560219449,False
ARMT1,DIG,-1.0562542436433393,0.49825086752782544,-1.5238527592221685,-1.025601891694343,-1.2088886805573844,-1.5720218913973147,True
TSSK3,NEUTRAL,-0.003615259941468192,0.13750352374993502,-0.005215717589080685,0.13228780616085434,-0.053384849764224425,-0.053384849764224425,False
MTCO3P43,NEUTRAL,0.03837478342741082,0.13750352374993502,0.05536310974591357,0.1928666334958486,0.007193977570769143,0.007193977570769143,False
TACC1P1,DIG,0.9840618946635725,0.5728896684205812,1.4197012153589337,1.9925908837795148,1.8191635577903347,1.3715320831837878,True
DHX57,DIG,1.2884635437025014,0.4329594072761063,1.8588599648658188,2.291819372141925,2.0974702709067694,1.8106908326906739,True
TTC3-AS1,DIG,-1.509371249854231,0.4854268271702419,-2.177562417025076,-1.6921355898548338,-1.869265702318781,-2.2257315492002214,True
MAPK6,NEUTRAL,-0.02539965687452182,0.13750352374993502,-0.0366439590131539,0.10085956473678112,-0.08481309118829743,-0.08481309118829777,False
PI4K2B,NEUTRAL,-0.07351414331530205,0.13750352374993502,-0.10605848999618682,0.0314450337537482,-0.15422762217133223,-0.15422762217133243,False
CALHM2,NEUTRAL,-0.03958026088470396,0.13750352374993502,-0.05710224609545383,0.08040127765448118,-0.1052713782705976,-0.1052713782705969,False
GASK1A,NEUTRAL,-0.026535312034774647,0.13750352374993502,-0.038282363081010615,0.0992211606689244,-0.08645149525615435,-0.08645149525615435,False
PREPL,DIG,-1.1062116530103734,0.45943161863729726,-1.5959260659716485,-1.1364944473343512,-1.3283098977114938,-1.6440951981467937,True
ASB9P1,DIG,1.731975457118578,0.49825086752782544,2.498712402926368,2.9969632704541933,2.8095282586327417,2.4505432707512194,True
DNAI3,NEUTRAL,-0.06032357133990816,0.13750352374993502,-0.0870285172207971,0.05047500652913792,-0.13519764939594225,-0.1351976493959419,False
PRH2,DIG,-1.3574022241516546,0.49825086752782544,-1.9583174572752413,-1.4600665897474159,-1.6389212747590354,-2.0064865894503807,True
CHRNA1,NEUTRAL,0.0020487503418535054,0.13750352374993502,0.002955721958211621,0.14045924570814664,-0.04521341021693437,-0.04521341021693437,False
TGFB3,NEUTRAL,-0.0011667923990523188,0.13750352374993502,-0.0016833256078597168,0.1358201981420753,-0.04985245778300514,-0.049852457783004976,False
MFAP1,NEUTRAL,0.0016223002318632856,0.13750352374993502,0.0023404844993421777,0.1398440082492772,-0.04582864767580181,-0.045828647675802144,False
TMEM92-AS1,DSG,-0.047625650515396654,1.3504972470841334,-0.06870928981767366,1.2817879572664599,1.0920862304823782,-0.1168784219928165,False
ARID3C,DIG,-1.459003260332941,0.4329594072761063,-2.1048967683231634,-1.6719373610470571,-1.8658985257842762,-2.1530659004983033,True
RAD1P1,NEUTRAL,0.002435335991780978,0.13750352374993502,0.003513447158240822,0.14101697090817583,-0.0446556850169036,-0.04465568501690393,False
LIFR-AS1,DSG,-0.06201400167324577,1.2403143293337107,-0.08946729267967156,1.150847036654039,0.9585291787145501,-0.137636424854817,False
FGF7,NEUTRAL,-0.020264977580082114,0.13750352374993502,-0.029236182658510496,0.10826734109142452,-0.0774053148336547,-0.0774053148336552,False
SCIMP,NEUTRAL,0.040688691192277256,0.13750352374993502,0.05870137300336085,0.19620489675329586,0.010532240828217194,0.010532240828216875,False
VIPR1-AS1,NEUTRAL,-0.021697007356101073,0.13750352374993502,-0.03130216491477838,0.10620135883515663,-0.07947129708992305,-0.07947129708992322,False
C1QA,NEUTRAL,0.007368975808734888,0.13750352374993502,0.010631184855692562,0.14813470860562758,-0.037537947319452696,-0.03753794731945237,False
TRIM66,NEUTRAL,0.013907279646162844,0.13750352374993502,0.020063963377775152,0.15756748712771018,-0.028105168797368414,-0.02810516879736874,False
CAPN2,DCG,-0.9187681544683475,1.1292830169449666,-1.32550226017819,-0.19621924323322348,-0.3875048317430469,-1.3736713923533357,True
SMTN,NEUTRAL,0.01383618801269552,0.13750352374993502,0.019961399830723148,0.15746492358065817,-0.02820773234442295,-0.028207732344423114,False
FBXL13,DIG,-1.3990390179498888,0.4195388915137848,-2.0183866532064703,-1.5988477616926855,-1.7828347214413875,-2.0665557853816168,True
TMEM26-AS1,DIG,0.6555286160171228,0.405992359675837,0.9457278834887085,1.3517202431645456,1.1522424877384025,0.8975587513135617,True
TBX21,DIG,0.6904671472446215,0.405992359675837,0.9961335292265652,1.4021258889024022,1.205369205517542,0.94796439705142,True
TBL2,DIG,1.1513216704852842,0.5849625007211562,1.661006064477117,2.245968565198273,2.0688581833721327,1.6128369323019711,True
SAMD12,DCG,-0.8143312653589202,1.3645724322958561,-1.1748316781741488,0.18974075412170732,0.0013136400689130984,-1.223000810349294,True
RPL6P4,DIG,1.216261768299577,0.4195388915137848,1.7546948215486413,2.174233713062426,1.9887853383368308,1.7065256893734972,True
SESN2,NEUTRAL,0.023129374299275966,0.13750352374993502,0.03336863360043008,0.1708721573503651,-0.014800498574716148,-0.014800498574715826,False
SNORA26,NEUTRAL,0.001259033815891993,0.13750352374993502,0.0018164018424988865,0.13931992559243392,-0.04635273033264535,-0.046352730332645184,False
B3GNT9,NEUTRAL,-0.06733375165603737,0.13750352374993502,-0.09714206959861416,0.040361454151320864,-0.14531120177375753,-0.14531120177375734,False
CNOT7,NEUTRAL,-0.0026150030669195544,0.13750352374993502,-0.0037726519565542713,0.13373087179338075,-0.051941784131699156,-0.05194178413169932,False
LGALS12,DIG,0.5685954291977291,0.4854268271702419,0.8203098059756955,1.3057366331459375,1.1209240129126459,0.7721406738005505,True
VPS72,DCG,-0.8156142676057301,1.2705289423807182,-1.1766826591530708,0.09384628322764743,-0.08418719099826866,-1.2248517913282155,True
CYP3A7,DSG,-0.11420637576784921,1.145677455195635,-0.16476497195817755,0.9809124832374575,0.7932329976766052,-0.21293410413332384,False
MLLT3,DIG,1.2263118579596208,0.4195388915137848,1.769194036061676,2.188732927575461,1.9960223858569632,1.72102490388653,True
NPM1,DIG,1.5998627655600903,0.4854268271702419,2.3081140779764446,2.7935409051466866,2.604116562265865,2.2599449458012995,True
SUGT1-DT,NEUTRAL,-0.02857468632586746,0.13750352374993502,-0.04122455825728666,0.09627896549264836,-0.08939369043243255,-0.08939369043243238,False
CCNQP3,NEUTRAL,-0.020749294618670887,0.13750352374993502,-0.029934904448300544,0.10756861930163447,-0.0781040366234456,-0.07810403662344577,False
TNFSF12-TNFSF13,NEUTRAL,0.021504996452364308,0.13750352374993502,0.03102515173616074,0.16852867548609576,-0.017143980438983828,-0.017143980438984314,False
NPPC,NEUTRAL,-0.004123241618473821,0.13750352374993502,-0.0059485802353591655,0.13155494351457586,-0.054117712410504615,-0.05411771241050495,False
DBP,DIG,-0.8920763412654522,0.560714954474479,-1.2869941136380385,-0.7262791591635595,-0.9222704927334142,-1.3351632458131852,True
PARP11-AS1,DSG,-0.05158010397614717,1.0789513413948222,-0.07441436021492463,1.0045369811798976,0.8175259247132475,-0.12258349239006862,False
LINC00867,NEUTRAL,-0.021568458792656803,0.13750352374993502,-0.031116708539783933,0.10638681521015109,-0.07928584071492867,-0.07928584071492832,False
INPP4A,NEUTRAL,0.016880364314874042,0.13750352374993502,0.024353217885467807,0.1618567416354028,-0.02381591428967734,-0.02381591428967734,False
SPCS2,DIG,-0.9064447743701946,0.4854268271702419,-1.307723380823595,-0.8222965536533532,-0.9947300465203999,-1.3558925129987422,True
NDUFA4,DIG,-1.1656808273984471,0.6205864104518776,-1.6817219489470834,-1.061135538495206,-1.235132858278044,-1.7298910811222292,True
HNF1A,NEUTRAL,-0.016436432417654107,0.13750352374993502,-0.023712759538856175,0.11379076421107884,-0.07188189171400103,-0.0718818917140007,False
XIRP1,NEUTRAL,0.007396563161500673,0.13750352374993502,0.010670984992719014,0.14817450874265403,-0.03749814718242472,-0.037498147182424876,False
ADPGK-AS1,NEUTRAL,-0.01922638134823243,0.13750352374993502,-0.02773780502533499,0.10976571872460003,-0.07590693720048028,-0.07590693720048011,False
USP37,NEUTRAL,0.0051684280672515594,0.13750352374993502,0.007456465541815155,0.14495998929175016,-0.04071266663332857,-0.04071266663332857,False
PLBD1,DIG,1.6304314276204814,0.523561956057013,2.3522153351375814,2.8757772911945945,2.6845392592307027,2.304046202962435,True
TXLNB,DIG,-1.628716061201865,0.4724877714627438,-2.349740584512136,-1.8772528130493924,-2.0723400034391393,-2.3979097166872823,True
TRIM9,NEUTRAL,-0.025105987374787746,0.13750352374993502,-0.03622028348222721,0.10128324026770781,-0.08438941565737254,-0.08438941565737237,False
LINC01537,DIG,-1.117298321291426,0.5484366246960424,-1.611920747320704,-1.0634841226246616,-1.2350615296945275,-1.6600898794958487,True
FGF10,DSG,-0.003382850888302551,1.1210154009613662,-0.004880422200620915,1.1161349787607453,0.9288248134097093,-0.05304955437576632,False
SRRM4,NEUTRAL,-0.022601146157069384,0.13750352374993502,-0.032606561479210656,0.10489696227072437,-0.08077569365435563,-0.0807756936543558,False
ADD3,NEUTRAL,-0.018668153819612225,0.13750352374993502,-0.026932452938106918,0.1105710708118281,-0.075101585113253,-0.07510158511325334,False
TMEM14DP,NEUTRAL,-0.0031698959379056206,0.13750352374993502,-0.004573193149750509,0.1329303306001845,-0.0527423253248942,-0.052742325324894035,False
NR4A1AS,DIG,-0.5608590563787941,0.4329594072761063,-0.8091485792753498,-0.37618917199924345,-0.5713709215316969,-0.8573177114504954,True
TNFSF4,DCG,-1.0267511682733463,1.399171093819823,-1.4812888186949063,-0.08211772487508329,-0.2669620933169162,-1.5294579508700519,True
ZGRF1,NEUTRAL,-0.027121845060731866,0.13750352374993502,-0.03912855136887669,0.09837497238105833,-0.0872976835440216,-0.08729768354402144,False
PCCB,DIG,-1.1269265574381562,0.45943161863729726,-1.6258113558620995,-1.1663797372248021,-1.350002502465183,-1.6739804880372466,True
ZNF670-ZNF695,DCG,-0.929000909068138,1.185866545311334,-1.3402650044939417,-0.15439845918260775,-0.3421557090186597,-1.3884341366690878,True
FOXF1,NEUTRAL,-0.07409859571613911,0.13750352374993502,-0.10690167657651009,0.03060184717342493,-0.15507080875165447,-0.15507080875165463,False
CNTLN,DIG,-0.8755011541151448,0.3923174227787603,-1.2630811733344836,-0.8707637505557233,-1.0521242492930272,-1.3112503055096305,True
GGTA1,NEUTRAL,0.022874243782192553,0.13750352374993502,0.0330005580686544,0.17050408181858942,-0.015168574106490588,-0.015168574106490588,False
CHORDC1P4,NEUTRAL,-0.032734536971987443,0.13750352374993502,-0.04722595415528271,0.0902775695946523,-0.09539508633042876,-0.09539508633042824,False
NCF4,NEUTRAL,-0.002920999400924971,0.13750352374993502,-0.0042141113501540884,0.13328941239978093,-0.052383243525298086,-0.05238324352529792,False
PIK3C3,NEUTRAL,0.016282387024149473,0.13750352374993502,0.023490519013575253,0.16099404276351026,-0.024678613161568698,-0.024678613161569024,False
ADPRHL1,NEUTRAL,0.021374425590393067,0.13750352374993502,0.030836777801110233,0.16834030155104526,-0.017332354374034947,-0.01733235437403462,False
SREK1IP1P1,DIG,-1.6358071617555952,0.5109619192773794,-2.3599708801154478,-1.8490089608380682,-2.0406655061026844,-2.4081400122905787,True
PNLIPRP2,NEUTRAL,-0.018827551310254997,0.13750352374993502,-0.02716241490738739,0.11034110884254764,-0.075331547082531,-0.07533154708253118,False
STAP2,NEUTRAL,-0.02070814076121949,0.13750352374993502,-0.029875531982241965,0.10762799176769305,-0.07804466415738562,-0.07804466415738544,False
KRT79,DIG,-0.8297372565727034,0.4724877714627438,-1.1970578252982527,-0.7245700538355089,-0.9201071213975016,-1.2452269574733996,True
UNC79,NEUTRAL,-0.003925215723955666,0.13750352374993502,-0.005662889259370222,0.1318406344905648,-0.05383202143451401,-0.05383202143451384,False
ARG2,NEUTRAL,0.019690681234109653,0.13750352374993502,0.02840764816817537,0.1659111719181104,-0.01976148400696964,-0.019761484006969154,False
PPID,NEUTRAL,-0.006886870982698744,0.13750352374993502,-0.009935654613981581,0.12756786913595344,-0.05810478678912673,-0.05810478678912673,False
TMEM200C,NEUTRAL,-0.010936713862033222,0.13750352374993502,-0.015778342852376913,0.1217251808975581,-0.06394747502752209,-0.06394747502752225,False
B3GALT5,DIG,-1.229021548578569,0.45943161863729726,-1.7731032932799757,-1.3136716746426784,-1.492998253145595,-1.8212724254551214,True
TMEM45B,NEUTRAL,-0.051007503307481494,0.13750352374993502,-0.07358827206983096,0.06391525168010406,-0.12175740424497564,-0.12175740424497529,False
RPN1,DIG,1.3560304216903996,0.4462562298895641,1.9563383646673094,2.4025945945568736,2.2300244497794126,1.9081692324921649,True
ADCY4,NEUTRAL,0.052666663650381536,0.13750352374993502,0.07598193446857247,0.2134854582185075,0.027812802293426978,0.027812802293427294,False
CHTF18,DSG,0.00834276629106673,1.3362833878644325,0.012036067555417581,1.34831945541985,1.1585239198203985,-0.03613306461972793,False
DCPS,NEUTRAL,0.007542516548827102,0.13750352374993502,0.0108815512208158,0.14838507497075082,-0.03728758095432838,-0.037287580954328714,False
PDPK1,DSG,0.021949919616955436,1.0789513413948222,0.031667040179292984,1.110618381574115,0.9291591773221906,-0.016502091995851575,False
VAMP2,NEUTRAL,0.008555992148052766,0.13750352374993502,0.012343687441880637,0.14984721119181565,-0.035825444733265564,-0.03582544473326573,False
LYAR,NEUTRAL,-0.021978032481944743,0.13750352374993502,-0.03170759847019824,0.10579592527973677,-0.07987673064534369,-0.07987673064534336,False
DNAJC6,NEUTRAL,-0.04740874412056621,0.13750352374993502,-0.06839636003751468,0.06910716371242034,-0.11656549221266034,-0.11656549221266069,False
LY6E,DCG,-0.9183902133193649,1.1210154009613662,-1.324957006356805,-0.20394160539543882,-0.39341240228669894,-1.3731261385319502,True
HSP90AB2P,NEUTRAL,-0.04939430806991057,0.13750352374993502,-0.07126092330060169,0.06624260044933333,-0.11943005547574627,-0.11943005547574644,False
ROR2,NEUTRAL,-0.01333664361393746,0.13750352374993502,-0.01924070960393104,0.11826281414600398,-0.06740984177907651,-0.06740984177907618,False
HMGN2P40,NEUTRAL,-0.06097227365687787,0.13750352374993502,-0.08796439683650249,0.04953912691343253,-0.13613352901164708,-0.13613352901164655,False
IHO1,NEUTRAL,0.04069622922348872,0.13750352374993502,0.05871224808360769,0.19621577183354272,0.010543115908463014,0.010543115908462696,False
KIAA1671-AS1,NEUTRAL,0.04019752412505979,0.13750352374993502,0.05799276871123822,0.19549629246117323,0.009823636536092247,0.009823636536092247,False
LYN,DCG,-0.8766047178503866,1.2927817492278462,-1.2646732792626219,0.028108469965224314,-0.1536239333574182,-1.3128424114377661,True
ILF2,DCG,-0.8325884907934509,1.20945336562895,-1.201171286768938,0.008282078860011977,-0.16740259054829512,-1.2493404189440844,True
MYBBP1A,NEUTRAL,-0.061216904465055656,0.13750352374993502,-0.08831732449030924,0.04918619925962578,-0.1364864566654538,-0.13648645666545434,False
TSR1,NEUTRAL,-0.037477725125052985,0.13750352374993502,-0.05406892818171365,0.08343459556822136,-0.10223806035685769,-0.10223806035685752,False
PPARA,NEUTRAL,0.01812621417281904,0.13750352374993502,0.02615059929721727,0.1636541230471523,-0.022018532877928123,-0.022018532877928446,False
EEF1A1P3,NEUTRAL,0.020514528965880588,0.13750352374993502,0.02959620920524892,0.16709973295518393,-0.018572922969896103,-0.018572922969896103,False
SLC28A3,NEUTRAL,-0.006233895938746453,0.13750352374993502,-0.008993610756247357,0.12850991299368766,-0.05716274293139283,-0.05716274293139333,False
TGOLN2,DIG,-1.0337083605345763,0.4195388915137848,-1.491325925468694,-1.0717870339549092,-1.2561108050525231,-1.5394950576438382,True
REXO5,DSG,0.0774741312996473,1.2705289423807182,0.11177154502318157,1.3823004874038998,1.1945998916491511,0.06360241284803592,False
MAIP1,NEUTRAL,0.005558197521550383,0.13750352374993502,0.008018784000622064,0.14552230775055708,-0.04015034817452335,-0.04015034817452319,False
IKZF4,DIG,1.6571312159339078,0.4724877714627438,2.3907349873301467,2.8632227587928902,2.6708267030904915,2.3425658551549997,True
ARHGEF10,NEUTRAL,-0.026550198305356317,0.13750352374993502,-0.03830383942975612,0.0991996843201789,-0.08647297160490132,-0.08647297160490097,False
LINC02148,NEUTRAL,-0.0042466042767792134,0.13750352374993502,-0.006126554930727234,0.1313769688192078,-0.05429568710587149,-0.05429568710587149,False
API5P2,NEUTRAL,-0.036946895961326144,0.13750352374993502,-0.0533031035796457,0.08420042017028932,-0.10147223575478986,-0.10147223575479003,False
MAP3K4,NEUTRAL,0.02204354345745562,0.13750352374993502,0.03180211082969158,0.1693056345796266,-0.016367021345454303,-0.01636702134545414,False
TMEM218,NEUTRAL,0.03694292386502633,0.13750352374993502,0.05329737305601202,0.19080089680594703,0.005128240880868396,0.0051282408808680765,False
MIR3942,NEUTRAL,-0.007481046136997981,0.13750352374993502,-0.010792868162508525,0.1267106555874265,-0.05896200033765298,-0.05896200033765248,False
IFT22,DIG,-1.473814207140765,0.560714954474479,-2.126264447833681,-1.5655494933592022,-1.7394231797414443,-2.1744335800088286,True
HOXD4,NEUTRAL,-0.0035314561502666365,0.13750352374993502,-0.005094814275106507,0.13240870947482852,-0.05326394645025129,-0.05326394645025129,False
HAGH,DCG,-0.672787687616767,1.2479275134435854,-0.9706274604958629,0.27730005294772253,0.09882500713007888,-1.018796592671008,True
ZNF655,DSG,0.027247771663249154,1.4659744645040693,0.03931022505384438,1.5052846895579137,1.32277855698111,-0.008858907121300306,False
ALS2,NEUTRAL,-0.0199169565669279,0.13750352374993502,-0.028734094468707755,0.10876942928122726,-0.07690322664385173,-0.07690322664385138,False
LNC-LBCS,DIG,0.6196528864001009,0.560714954474479,0.8939701462819577,1.4546851007564368,1.2658500092370324,0.8458010141068107,True
TRIM32,NEUTRAL,0.0579687055615083,0.13750352374993502,0.0836311640403405,0.2211346877902755,0.035462031865195906,0.03546203186519622,False
LRATD1,NEUTRAL,0.026763018900729962,0.13750352374993502,0.038610874647300716,0.17611439839723575,-0.009558257527843556,-0.009558257527843395,False
OSTCP5,NEUTRAL,-0.005074113755325379,0.13750352374993502,-0.0073203987517144,0.13018312499822063,-0.0554895309268594,-0.0554895309268594,False
KLHDC8B,NEUTRAL,0.04455595489051157,0.13750352374993502,0.0642806551626134,0.2017841789125484,0.016111522987469633,0.016111522987469314,False
WWP2,NEUTRAL,0.005549222455527852,0.13750352374993502,0.008005835717379709,0.14550935946731472,-0.04016329645776513,-0.04016329645776463,False
COPRSP1,NEUTRAL,0.036137377580170965,0.13750352374993502,0.05213521542564466,0.18963873917557966,0.0039660832504994845,0.0039660832504994845,False
PPP2R2C,NEUTRAL,0.034716885146248946,0.13750352374993502,0.050085878035605075,0.1875894017855401,0.001916745860460818,0.001916745860460818,False
NACA4P,DCG,-0.917357096249937,1.4059923596758368,-1.3234665334840836,0.0825258261917532,-0.09516802905824286,-1.371635665659229,True
GTF2F2P1,NEUTRAL,0.005370913763797352,0.13750352374993502,0.007748590652072718,0.14525211440200775,-0.040420541523072666,-0.04042054152307234,False
ZZEF1,NEUTRAL,0.011409602191900469,0.13750352374993502,0.016460576500770655,0.15396410025070567,-0.03170855567437438,-0.03170855567437454,False
PIGN,NEUTRAL,0.044928745647865045,0.13750352374993502,0.0648184785395365,0.2023220022894715,0.016649346364392435,0.016649346364392435,False
GPR183,NEUTRAL,-0.015411731739051087,0.13750352374993502,-0.022234428951440045,0.11526909479849498,-0.07040356112658597,-0.0704035611265858,False
OR1H1P,NEUTRAL,-0.0677875985231396,0.13750352374993502,-0.09779683222310553,0.039706691526829485,-0.14596596439824994,-0.14596596439824958,False
RNU2-22P,NEUTRAL,0.030778207930477357,0.13750352374993502,0.04440356794874905,0.18190709169868408,-0.003765564226396256,-0.0037655642263964167,False
TFPI,NEUTRAL,-0.029491401613467194,0.13750352374993502,-0.042547098856613896,0.09495642489332112,-0.09071623103175948,-0.09071623103175999,False
DUSP2,NEUTRAL,0.04924129235242698,0.13750352374993502,0.07104016828381005,0.20854369203374507,0.022871036108665335,0.022871036108665335,False
SERPINB9,DIG,-0.6390046160437499,0.5484366246960424,-0.9218887906714741,-0.37345216597543174,-0.5702607180542631,-0.9700579228466195,True
DHCR24-DT,NEUTRAL,-0.06330499745189243,0.13750352374993502,-0.09132980588733368,0.04617371786260134,-0.13949893806247798,-0.13949893806247834,False
SNX18P3,NEUTRAL,0.01938242315458994,0.13750352374993502,0.027962925765538327,0.16546644951547335,-0.020206206409606842,-0.02020620640960668,False
FAM230I,NEUTRAL,-0.008239095866522406,0.13750352374993502,-0.011886502748040631,0.1256170210018944,-0.060055634923185434,-0.0600556349231851,False
SNORD116-4,NEUTRAL,-0.01825350427963107,0.13750352374993502,-0.026334240103069215,0.1111692836468658,-0.0745033722782135,-0.0745033722782135,False
AJUBA,DIG,-1.1587152124817908,0.4329594072761063,-1.6716726908500812,-1.238713283573975,-1.429974164117869,-1.7198418230252275,True
GRM5,NEUTRAL,0.016246989194043736,0.13750352374993502,0.023439450739623474,0.1609429744895585,-0.024729681435521247,-0.024729681435521574,False
UIMC1,DIG,1.4120044045630282,0.4724877714627438,2.0370917521764547,2.5095795236391982,2.3310126461953775,1.9889226200013084,True
USP4,NEUTRAL,-0.0047701279135611676,0.13750352374993502,-0.0068818398853007145,0.1306216838646343,-0.05505097206044564,-0.055050972060445805,False
VDAC1P4,DCG,-0.8487999272146435,1.070389327891398,-1.2245594456994793,-0.1541701178080812,-0.33128255580147387,-1.2727285778746127,True
KCNH1-IT1,DCG,-0.9096160992720492,1.1937717433966801,-1.3122986355325486,-0.11852689213586842,-0.30854688194491553,-1.3604677677076884,True
ARHGAP19-SLIT1,NEUTRAL,-0.05013821108731108,0.13750352374993502,-0.07233414849470773,0.06516937525522729,-0.12050328066985305,-0.1205032806698534,False
TMEM9B,NEUTRAL,-0.05067114570883892,0.13750352374993502,-0.07310301063030399,0.06440051311963103,-0.12127214280544794,-0.12127214280544794,False
RAC3,DSG,-0.08590501236251794,-0.7369655941662062,-0.12393473532290973,-0.860900329489116,-1.0465729854141974,-0.17210386749805606,False
LAMA3,NEUTRAL,0.017300375026960867,0.13750352374993502,0.02495916525691571,0.16246268900685074,-0.023209966918228818,-0.02320996691822898,False
ZCCHC9,NEUTRAL,0.07976803151969412,0.13750352374993502,0.11508094349493724,0.25258446724487227,0.0669118113197935,0.0669118113197938,False
EMP2,DCG,-1.0262616472502297,1.3504972470841334,-1.4805825891424451,-0.13008534205831168,-0.3128171563476962,-1.5287517213175914,True
PLEK2,NEUTRAL,0.015888818220033192,0.13750352374993502,0.022922719251628094,0.1604262430015631,-0.025246412923517873,-0.025246412923517873,False
MIR5581,NEUTRAL,0.027337531044734343,0.13750352374993502,0.03943972046838632,0.17694324421832133,-0.008729411706758188,-0.00872941170675851,False
MIR4668,NEUTRAL,0.008476494898275231,0.13750352374993502,0.012228997153862275,0.1497325209037973,-0.03594013502128264,-0.03594013502128264,False
DRD2,NEUTRAL,0.03928776437133051,0.13750352374993502,0.05668026282613264,0.19418378657606766,0.00851113065098792,0.00851113065098792,False
HEATR3,NEUTRAL,-0.028690537800105876,0.13750352374993502,-0.0413916966046501,0.09611182714528492,-0.08956082877979461,-0.08956082877979495,False
L2HGDH,NEUTRAL,-0.012395863246583604,0.13750352374993502,-0.01788345043338393,0.11962007331655108,-0.06605258260852842,-0.06605258260852859,False
MRPL23-AS1,NEUTRAL,0.07032811861302173,0.13750352374993502,0.10146202795805724,0.23896555170799227,0.053292895782912394,0.05329289578291209,False
CLDN3,DIG,-0.824707193866698,0.53605290024021,-1.1898009787769381,-0.6537480785367281,-0.8274925952987782,-1.2379701109520855,True
CAMKMT,DIG,1.3185557503016088,0.405992359675837,1.9022738420957575,2.3082662017715947,2.113178312587669,1.8541047099206123,True
ISM1-AS1,DSG,-0.0628911830358734,1.145677455195635,-0.09073279788149466,1.0549446573141403,0.8722801384626907,-0.13890193005663787,False
EEF1DP3,NEUTRAL,-0.007495021949900186,0.13750352374993502,-0.010813030998474927,0.1266904927514601,-0.05898216317361952,-0.05898216317361985,False
NARS1,NEUTRAL,-0.03195206063352186,0.13750352374993502,-0.046097079422165455,0.09140644432776956,-0.09426621159731018,-0.09426621159731034,False
SAMD5,NEUTRAL,0.055273557842501216,0.13750352374993502,0.07974288779166577,0.2172464115416008,0.03157375561652046,0.03157375561652046,False
SPAG5,DIG,-0.7241774497064581,0.560714954474479,-1.044767215415124,-0.4840522609406449,-0.6585268935227127,-1.0929363475902694,True
CCNB1IP1,NEUTRAL,0.005999438750452815,0.13750352374993502,0.008655360533395355,0.14615888428333038,-0.039513771641750066,-0.03951377164175056,False
MMP15,NEUTRAL,-0.02893445680938671,0.13750352374993502,-0.04174359734971811,0.09575992640021691,-0.08991272952486239,-0.08991272952486255,False
PSMD11,DIG,0.8315369193502764,0.4329594072761063,1.1996541898627298,1.632613597138836,1.455754246740062,1.1514850576875828,True
NOXRED1,NEUTRAL,-0.025350720269767358,0.13750352374993502,-0.03657335841615669,0.10093016533377833,-0.08474249059130064,-0.08474249059130064,False
THOC5,NEUTRAL,0.023851608973325743,0.13750352374993502,0.03441059798303975,0.17191412173297477,-0.013758534192105218,-0.01375853419210538,False
CPE,NEUTRAL,0.055444811668210615,0.13750352374993502,0.07998995483674999,0.217493478586685,0.03182082266160648,0.031820822661606164,False
LINC02794,NEUTRAL,0.007496436498992425,0.13750352374993502,0.010815071761435395,0.14831859551137042,-0.03735406041370975,-0.03735406041370958,False
ILRUN,DIG,1.074518804424881,0.5969351423872323,1.550202950485714,2.147138092872946,1.9599421723021075,1.5020338183105681,True
RPL12P8,NEUTRAL,-0.06596052696559769,0.13750352374993502,-0.09516092514769053,0.042342598602244486,-0.1433300573228343,-0.14333005732283446,False
DNAJC5B,DCG,-0.8316034661965357,1.1043366598147357,-1.1997501966678148,-0.09541353685307907,-0.2809811518128394,-1.2479193288429615,True
ENPP4,DIG,-1.7109884489574285,0.5484366246960424,-2.4684345503291816,-1.9199979256331392,-2.1164652935834654,-2.5166036825043268,True
IKZF2,NEUTRAL,-0.021483560093653584,0.13750352374993502,-0.030994225607754063,0.10650929814218096,-0.07916335778289837,-0.07916335778289837,False
PCDHA10,NEUTRAL,0.02693550879352994,0.13750352374993502,0.038859724960246714,0.17636324871018172,-0.009309407214898223,-0.009309407214898223,False
PNKP,DIG,-0.910169170502081,0.608809242675524,-1.3130965486533737,-0.7042873059778496,-0.9036184874418755,-1.3612656808285208,True
PHB2,DSG,0.09332264431543873,-3.321928094887362,0.13463611615652807,-3.1872919787308343,-3.3729646346559137,0.08646698398138337,False
FZD4-DT,NEUTRAL,-0.005492467000110215,0.13750352374993502,-0.007923954903305289,0.12957956884662974,-0.05609308707844996,-0.056093087078449795,False
AIM2,DCG,-0.8940155616803618,1.3785116232537298,-1.2897918173138192,0.08871980593991058,-0.09707296721639395,-1.3379609494889653,True
ZNF385C,NEUTRAL,-0.029058588693456733,0.13750352374993502,-0.04192268180328213,0.0955808419466529,-0.0900918139784281,-0.09009181397842826,False
INHBA-AS1,DIG,1.2720835429367474,0.5849625007211562,1.8352286189913083,2.4201911197124644,2.2432177510319944,1.787059486816162,True
PRIM2,DIG,-1.3066641369354919,0.4462562298895641,-1.8851178704642917,-1.4388616405747277,-1.6341989099763712,-1.9332870026394375,True
LINC02614,DIG,0.9143356748198188,0.49825086752782544,1.3191075437704165,1.817358411298242,1.637390045555866,1.2709384115952702,True
NR4A1,DIG,0.7867426948689735,0.4195388915137848,1.135029784343087,1.5545686758568718,1.3581224152025284,1.0868606521679407,True
FICD,NEUTRAL,-0.01326538124466868,0.13750352374993502,-0.019137899737184973,0.11836562401275005,-0.06730703191232963,-0.0673070319123293,False
ITCH,DSG,-0.11531951828053061,1.4059923596758368,-0.16637089714102568,1.2396214625348112,1.048711960436379,-0.2145400293161721,False
KANSL2,DIG,-0.84559821527267,0.4462562298895641,-1.219940351758439,-0.773684121868875,-0.9679798853599484,-1.2681094839335847,True
SYT3,DIG,1.6415940443442418,0.5484366246960424,2.368319586928295,2.916756211624337,2.713466956391604,2.3201504547531506,True
EVA1C,DIG,0.7130873602371663,0.5728896684205812,1.0287675983347617,1.601657266755343,1.4144342702286177,0.9805984661596154,True
KLF4,NEUTRAL,-0.027520840382556432,0.13750352374993502,-0.039704179941010886,0.09779934380892413,-0.08787331211615693,-0.08787331211615693,False
MLF1,DSG,-0.014985654833196487,1.3854310371935206,-0.0216197299123263,1.3638113072811944,1.1760764910903125,-0.06978886208747255,False
UGT1A10,NEUTRAL,0.021260436867112344,0.13750352374993502,0.03067232683531587,0.1681758505852509,-0.017496805339828118,-0.017496805339827955,False
LMAN1,NEUTRAL,-0.038352069332270894,0.13750352374993502,-0.055330340233496915,0.0821731835164381,-0.10349947240864242,-0.10349947240864277,False
LINC00592,DIG,-1.211523399737424,0.4462562298895641,-1.747858800722119,-1.301602570832555,-1.4979455706441074,-1.7960279328972564,True
NUDT15,NEUTRAL,-0.018905142312750114,0.13750352374993502,-0.0272743550619047,0.11022916868803032,-0.07544348723704972,-0.07544348723704988,False
PITPNM3,NEUTRAL,0.016073847236448637,0.13750352374993502,0.023189659696031217,0.16069318344596623,-0.024979472479113453,-0.024979472479113942,False
UBQLNL,NEUTRAL,0.03864221842999878,0.13750352374993502,0.055748936897907345,0.19325246064784235,0.0075798047227626595,0.0075798047227626595,False
HSPG2,NEUTRAL,-0.041707084462804585,0.13750352374993502,-0.06017060392442532,0.0773329198255097,-0.10833973609957107,-0.10833973609957123,False
CFAP61,DSG,-0.003339671662431503,-0.7369655941662062,-0.00481812774558733,-0.7417837219117935,-0.9274563778368733,-0.0529872599207322,False
NFYC-AS1,NEUTRAL,0.03548543005506639,0.13750352374993502,0.05119465396425646,0.18869817771419148,0.00302552178911178,0.0030255217891120996,False
PPP1R1C,NEUTRAL,-0.006801750170619311,0.13750352374993502,-0.009812851240518141,0.12769067250941687,-0.057981983415662346,-0.057981983415662346,False
GTSF1L,DCG,-1.013981903743877,1.399171093819823,-1.4628666640824417,-0.06369557026261874,-0.24447510203313125,-1.5110357962575784,True
FOXS1,DSG,-0.04967754856572065,1.2779847472997656,-0.07166955295928583,1.2063151943404797,1.0152884399823103,-0.11983868513443001,False
LINC02226,DSG,0.036859067675220826,1.446256229889564,0.053176394146831785,1.4994326240363958,1.316285380691127,0.005007261971687124,False
PRRT4,DIG,-1.3092241871786527,0.560714954474479,-1.8888112422545265,-1.3280962877800473,-1.5017173779877093,-1.9369803744296736,True
LINC02021,DIG,1.3360539206088935,0.5109619192773794,1.9275183656227075,2.438480284900087,2.2499434078829563,1.8793492334475617,True
MSRA,NEUTRAL,0.028809409887681076,0.13750352374993502,0.04156319277589496,0.17906671652582998,-0.006605939399248627,-0.006605939399248627,False
WDR35,DIG,-1.347393917199823,0.523561956057013,-1.9438785224681392,-1.4203165664111261,-1.6021688096768305,-1.9920476546432866,True
NUDCD2,DIG,0.8198117990078668,0.523561956057013,1.1827384168909092,1.706300372947922,1.5267854144357298,1.1345692847157638,True
ZNF681,DIG,-0.6591870282421525,0.4462562298895641,-0.9510058566632864,-0.5047496267737224,-0.6999187008217229,-0.9991749888384328,True
GLRX,NEUTRAL,-0.025377823369462704,0.13750352374993502,-0.03661245992367989,0.10089106382625512,-0.08478159209882374,-0.08478159209882374,False
SLC16A7,DIG,-0.9448910170317047,0.4854268271702419,-1.3631895844521695,-0.8777627572819277,-1.0687206071883677,-1.4113587166273147,True
MYRF,DIG,1.6462558107237815,0.4854268271702419,2.3750450941658396,2.8604719213360816,2.6800488128525406,2.326875961990693,True
GZMB,NEUTRAL,-0.026967082363538557,0.13750352374993502,-0.038905275993121304,0.09859824775681372,-0.0870744081682665,-0.0870744081682665,False
ASB13,DSG,-0.10701982108514022,-0.7369655941662062,-0.15439696515635593,-0.8913625593225621,-1.0770352152476435,-0.20256609733150194,False
NCOA2,DCG,-0.9158975423143493,1.2172307162206693,-1.3213608422593013,-0.10413012603863203,-0.2830032128121245,-1.3695299744344465,True
DISC1FP1,NEUTRAL,0.027575380406493405,0.13750352374993502,0.03978286456307473,0.17728638831300975,-0.008386267612069969,-0.00838626761207013,False
LINC02094,NEUTRAL,0.0413171817172834,0.13750352374993502,0.05960809316703291,0.19711161691696794,0.01143896099188808,0.01143896099188808,False
LIMCH1,NEUTRAL,-0.04599125356102399,0.13750352374993502,-0.06635135343675619,0.07115217031317883,-0.11452048561190038,-0.11452048561190055,False
ELAPOR2,DIG,-1.5016986280300166,0.49825086752782544,-2.1664931635686653,-1.6682422960408398,-1.858408027169799,-2.2146622957438113,True
MED4-AS1,NEUTRAL,0.06090527280708251,0.13750352374993502,0.08786773504276738,0.2253712587927024,0.039698602867621356,0.039698602867621356,False
PLEKHB1,DIG,1.2851989850351824,0.523561956057013,1.8541502022657868,2.3777121583227996,2.1981997170664656,1.8059810700906398,True
CCNG1,DIG,-1.3505087814242491,0.45943161863729726,-1.9483723216377613,-1.488940703000464,-1.6751804847711314,-1.9965414538129076,True
CCNDBP1,NEUTRAL,-0.013935064252885805,0.13750352374993502,-0.02010404809210742,0.1173994756578276,-0.06827318026725167,-0.0682731802672515,False
C12orf42,NEUTRAL,-0.022355236908148685,0.13750352374993502,-0.03225178942528403,0.10525173432465099,-0.08042092160042813,-0.08042092160042795,False
LINC00460,NEUTRAL,0.018548183261681783,0.13750352374993502,0.026759372009127987,0.164262895759063,-0.021409760166017897,-0.02140976016601757,False
P3H4,NEUTRAL,-0.00912684544062046,0.13750352374993502,-0.013167254656143185,0.12433626909379183,-0.06133638683128861,-0.06133638683128878,False
CREB5,DSG,0.09545782007517212,1.185866545311334,0.13771652363652176,1.3235830689478556,1.138134665190463,0.08954739146137597,False
NAPA,DIG,-0.9391659439555065,0.53605290024021,-1.3549300499164114,-0.8188771496762014,-1.0181265030545388,-1.4030991820915575,True
LINC01143,DIG,-0.9802912580060799,0.4329594072761063,-1.4142613365521748,-0.9813019292760685,-1.163887637043909,-1.462430468727316,True
MAB21L4,NEUTRAL,0.02938309587957753,0.13750352374993502,0.04239084671143144,0.17989437046136647,-0.00577828546371356,-0.005778285463713881,False
KRT18P27,NEUTRAL,0.016805501632626865,0.13750352374993502,0.024245213865042158,0.16174873761497718,-0.02392391831010304,-0.02392391831010304,False
PRDX3,NEUTRAL,-0.00610880575031813,0.13750352374993502,-0.00881314376173795,0.12869037998819707,-0.056982275936881474,-0.05698227593688181,False
JAZF1,DSG,0.11821151412012543,-0.7369655941662062,0.17054316519708063,-0.5664224289691255,-0.7520950848942074,0.1223740330219338,False
TRAPPC3,NEUTRAL,-0.005834771485166253,0.13750352374993502,-0.008417795886369686,0.12908572786356534,-0.05658692806151348,-0.056586928061513816,False
TMEM231,NEUTRAL,-0.007727814124605273,0.13750352374993502,-0.011148879114479713,0.12635464463545532,-0.059318011289624405,-0.05931801128962407,False
OSCP1,NEUTRAL,-0.05453734982183637,0.13750352374993502,-0.07868076413118992,0.0588227596187451,-0.12684989630633547,-0.126849896306336,False
SLC29A4,DIG,1.617911592118752,0.560714954474479,2.334153030546491,2.8948679850209698,2.7279293379715015,2.285983898371344,True
FHL3,NEUTRAL,-0.08424029053837989,0.13750352374993502,-0.12153304940276613,0.01597047434716889,-0.16970218157791167,-0.16970218157791167,False
ULK3,NEUTRAL,-0.03717848669576105,0.13750352374993502,-0.05363721838373077,0.08386630536620425,-0.10180635055887702,-0.10180635055887668,False
TIAM1,DIG,0.88692082073431,0.53605290024021,1.2795562697345584,1.8156091699747683,1.6307793672999105,1.2313871375594132,True
FAM120B,NEUTRAL,0.05721201693698376,0.13750352374993502,0.08253949311424186,0.22004301686417688,0.03437036093909621,0.03437036093909621,False
KPNA4,DSG,0.0692558182245363,1.3146965256562866,0.09991502550524603,1.4146115511615327,1.226226810589391,0.0517458933301021,False
VSIG10,NEUTRAL,0.012908455381221802,0.13750352374993502,0.01862296456402515,0.15612648831396017,-0.029546167611119428,-0.029546167611119757,False
DSC3,NEUTRAL,0.05130532670478502,0.13750352374993502,0.07401794040818145,0.21152146415811646,0.025848808233036896,0.025848808233036268,False
COL11A2,DIG,-0.7713326843934368,0.5728896684205812,-1.1127978386499833,-0.5399081702294021,-0.7207316943316036,-1.1609669708251302,True
SVBP,DIG,1.2249729925208008,0.33628338786443257,1.7672624615326726,2.103545849397105,1.928351995910485,1.7190933293575272,True
GAPDH,DIG,1.6007083879293338,0.6438561897747247,2.309334053175017,2.953190242949742,2.775211483648733,2.2611649209998705,True
PYGM,DIG,1.3348721433562976,0.405992359675837,1.925813421440952,2.331805781116789,2.161459259146791,1.8776442892658067,True
PTPRC,DCG,-1.0600757944105756,1.3854310371935206,-1.529366091562566,-0.1439350543690454,-0.32626331113166374,-1.5775352237377118,True
SRP14P4,DCG,-0.7900722832399769,1.232660756790275,-1.1398333649741352,0.09282739181613975,-0.09264460995289782,-1.1880024971492777,True
PKDCC,DIG,-1.5760474962310447,0.37851162325372983,-2.2737559070179953,-1.8952442837642656,-2.082841941963178,-2.321925039193141,True
CACNG6,DIG,-1.0032239593197896,0.5849625007211562,-1.4473462310116516,-0.8623837302904954,-1.0573039100348627,-1.4955153631867977,True
TNFRSF17,DCG,-0.892255034315153,1.185866545311334,-1.2872519132146831,-0.10138536790334918,-0.2822183735621867,-1.3354210453898292,True
DCAF5,NEUTRAL,0.050909400637703564,0.13750352374993502,0.07344673983464436,0.21095026358457938,0.025277607659499646,0.02527760765949933,False
SNX19,NEUTRAL,0.044327908646584084,0.13750352374993502,0.06395165397740586,0.2014551777273409,0.015782521802261775,0.015782521802262094,False
VDAC1P8,DIG,-1.5582650520622543,0.53605290024021,-2.248101263000797,-1.7120483627605867,-1.8994917399543088,-2.2962703951759416,True
CROT,DIG,1.0989418012878704,0.6667565918848036,1.5854378869435954,2.252194478828399,2.0717123919403444,1.5372687547684478,True
EIF5A,NEUTRAL,0.028836501031102805,0.13750352374993502,0.0416022770341615,0.17910580078409652,-0.006566855140983005,-0.006566855140983166,False
ZNF285,DIG,1.5232610540976759,0.4462562298895641,2.197601168726012,2.6438573986155762,2.4573635823261384,2.149432036550865,True
ZNF208,DIG,1.167839150952221,0.5728896684205812,1.684835751634747,2.257725420055328,2.0706349462394544,1.6366666194595996,True
CLDN8,DIG,0.8308830392381201,0.5849625007211562,1.198710840267586,1.783673340988742,1.5978053976903137,1.1505417080924403,True
MIR4435-2HG,NEUTRAL,-0.040495661639539056,0.13750352374993502,-0.058422890224880425,0.0790806335250546,-0.1065920224000261,-0.10659202240002558,False
CCDC168,NEUTRAL,-0.05051060487788901,0.13750352374993502,-0.07287139916963237,0.06463212458030265,-0.12104053134477699,-0.12104053134477734,False
APEX1,NEUTRAL,0.002634635805393319,0.13750352374993502,0.0038009760109894417,0.14130449976092446,-0.04436815616415632,-0.04436815616415615,False
FAM168A,DIG,-1.4752028199596545,0.53605290024021,-2.128267792661208,-1.5922148924209978,-1.7768771453890624,-2.176436924836355,True
PRKN,NEUTRAL,0.026415424188233737,0.13750352374993502,0.038109401479343184,0.1756129252292782,-0.01005973069580256,-0.010059730695802883,False
GSTA4,DIG,0.6648011452496337,0.608809242675524,0.9591053154289501,1.5679145581044742,1.3757419703205132,0.9109361832538032,True
ABHD13,NEUTRAL,0.05701172744405964,0.13750352374993502,0.08225053645605807,0.21975406020599308,0.03408140428091322,0.03408140428091353,False
G6PC3,NEUTRAL,0.03258211957583074,0.13750352374993502,0.04700606233370222,0.18450958608363724,-0.0011630698414416686,-0.0011630698414413479,False
RAB6C-AS1,NEUTRAL,-0.01975421729368722,0.13750352374993502,-0.028499311326245554,0.10900421242368946,-0.07666844350139146,-0.07666844350139129,False
LSM14B,DCG,-0.8544999900355661,1.2016338611696507,-1.23278289806398,-0.03114903689432924,-0.21482572810039782,-1.2809520302391264,True
E2F8,DIG,-1.7160721205444005,0.4854268271702419,-2.475768738117214,-1.990341910946972,-2.1796076205905455,-2.5239378702923587,True
JARID2,DIG,-1.502465998639538,0.5484366246960424,-2.1676002453415455,-1.6191636206455031,-1.8116675463299114,-2.215769377516692,True
RNF151,DCG,-0.9152063456762891,1.145677455195635,-1.3203636562972927,-0.17468620110165767,-0.35372511348774976,-1.3685327884724294,True
CUL1,DIG,-0.7950688401770258,0.4462562298895641,-1.147041872888735,-0.700785642999171,-0.8802555602073965,-1.1952110050638802,True
EML6,DIG,-1.3002886614690226,0.3645724322958561,-1.875920003625507,-1.511347571329651,-1.7000021477563976,-1.9240891358006513,True
GPR157,NEUTRAL,-0.0031031473971603082,0.13750352374993502,-0.004476895361030671,0.13302662838890436,-0.052646027536175775,-0.052646027536175775,False
LINC00603,DSG,-0.01992433931086389,-0.7369655941662062,-0.028744745516772363,-0.7657103396829785,-0.9513829956080531,-0.07691387769191582,False
EIF2B1,NEUTRAL,-0.02924233226108296,0.13750352374993502,-0.042187767737091736,0.09531575601284328,-0.09035689991223593,-0.09035689991223576,False
PLA2G12AP1,NEUTRAL,-0.02605017636682609,0.13750352374993502,-0.03758246025870288,0.09992106349123214,-0.08575159243384821,-0.08575159243384821,False
TWSG1,NEUTRAL,0.03464616951664418,0.13750352374993502,0.049983856947460936,0.18748738069739596,0.0018147247723170159,0.001814724772316696,False
KCTD8,NEUTRAL,-0.025399887436510997,0.13750352374993502,-0.0366442916437923,0.10085923210614273,-0.08481342381893713,-0.08481342381893746,False
TNFSF13B,NEUTRAL,0.03551629485938497,0.13750352374993502,0.051239182464384886,0.1887427062143199,0.0030700502892395255,0.003070050289239206,False
CCDC138,NEUTRAL,0.07741412433189142,0.13750352374993502,0.1116849732683814,0.2491884970183164,0.06351584109323669,0.06351584109323669,False
CCT5P2,NEUTRAL,0.10589389963391822,0.13750352374993502,0.15277260386224745,0.29027612761218247,0.10460347168710153,0.10460347168710153,False
C16orf74,NEUTRAL,-0.008718696137067763,0.13750352374993502,-0.012578419679965425,0.1249251040699696,-0.060747551855110604,-0.060747551855110604,False
LINC00536,DCG,-0.90683812900076,1.2403143293337107,-1.3082908715984225,-0.06797654226471184,-0.25447979052423986,-1.3564600037735652,True
CEP295,NEUTRAL,-0.009430052538188727,0.13750352374993502,-0.013604690032167261,0.12389883371776776,-0.06177382220731208,-0.06177382220731225,False
YWHABP2,DIG,-1.131967188564886,0.4724877714627438,-1.6330834493915833,-1.1605956779288396,-1.3428416877115859,-1.6812525815667265,True
GAPLINC,NEUTRAL,-0.012132871998520204,0.13750352374993502,-0.017504034264005666,0.11999948948592935,-0.06567316643915139,-0.06567316643915122,False
C2orf92,NEUTRAL,-0.016885793992377246,0.13750352374993502,-0.024361051254275304,0.11314247249565972,-0.07253018342942133,-0.07253018342942066,False
MTMR9LP,NEUTRAL,0.07820538221234849,0.13750352374993502,0.11282651708858112,0.2503300408385161,0.06465738491343502,0.06465738491343533,False
OTOGL,DIG,1.469454904603511,0.3923174227787603,2.1199753036814504,2.5122927264602106,2.325473619871384,2.0718061715063043,True
NBAS,NEUTRAL,0.03321414718308474,0.13750352374993502,0.047917885428392495,0.1854214091783275,-0.00025124674675307474,-0.00025124674675275436,False
CMBL,DSG,0.04446538645184937,1.439623137557117,0.0641499925252944,1.5037731300824113,1.3165714867662046,0.015980860350148552,False
PDAP1,DSG,-0.13131729269702436,1.4594316186372973,-0.18945080695696154,1.2699808116803357,1.0776812893716445,-0.23761993913210766,False
TLK2P2,DIG,1.3548061734928936,0.608809242675524,1.9545721478639502,2.5633813905394742,2.3803638643019207,1.9064030156888032,True
RSL24D1P11,NEUTRAL,-0.045765388891480706,0.13750352374993502,-0.06602549959809408,0.07147802415184094,-0.11419463177323949,-0.11419463177323949,False
MIR145,NEUTRAL,-0.016512100413959632,0.13750352374993502,-0.023821925381880164,0.11368159836805486,-0.07199105755702462,-0.07199105755702462,False
EDEM3,DCG,-0.6723589976742494,1.1127001327493624,-0.9700089916417138,0.14269114110764858,-0.03711819443474905,-1.0181781238168601,True
RPS2P16,NEUTRAL,0.020512079740708636,0.13750352374993502,0.029592675720239325,0.16709619947017434,-0.018576456454905448,-0.018576456454905934,False
EPS8L2,NEUTRAL,-0.008755467566746175,0.13750352374993502,-0.012631469639208867,0.12487205411072615,-0.060800601814354746,-0.060800601814354746,False
PCDHGB3,NEUTRAL,0.018550195070790882,0.13750352374993502,0.0267622744361529,0.1642657981860879,-0.021406857738991925,-0.02140685773899176,False
RPL18A,DIG,-1.576414543176497,0.4854268271702419,-2.274285443825973,-1.7888586166557312,-1.9816181873769427,-2.3224545760011193,True
SEC16A,NEUTRAL,-0.027110262506783552,0.13750352374993502,-0.03911184127573463,0.09839168247420038,-0.08728097345087853,-0.08728097345087853,False
LEPR,NEUTRAL,0.022926987581467856,0.13750352374993502,0.033076651286306526,0.17058017503624154,-0.015092480888839188,-0.01509248088883935,False
LYPD6B,NEUTRAL,-0.01551173181175251,0.13750352374993502,-0.022378698560414922,0.1151248251895201,-0.07054783073555977,-0.0705478307355596,False
FDXACB1,NEUTRAL,0.03718053128035137,0.13750352374993502,0.05364016809577991,0.19114369184571492,0.005471035920633862,0.005471035920633862,False
KANSL1L-AS1,NEUTRAL,0.0032733665455609226,0.13750352374993502,0.00472246968229258,0.1422259934322276,-0.043446662492853366,-0.043446662492853366,False
PIP4P1,NEUTRAL,-0.021334205898724295,0.13750352374993502,-0.03077875305139361,0.10672477069854142,-0.07894788522653959,-0.07894788522653959,False
TNPO2,DIG,1.262366157234448,0.49825086752782544,1.8212093948281955,2.3194602623560208,2.1185070007191515,1.773040262653049,True
RPL9,NEUTRAL,-0.031051945900280917,0.13750352374993502,-0.04479848836028766,0.09270503538964736,-0.09296762053543227,-0.09296762053543192,False
POLR3G,NEUTRAL,0.038491387491576864,0.13750352374993502,0.05553133385103342,0.19303485760096845,0.007362201675889098,0.007362201675888779,False
FITM2,DCG,-0.8969462760568944,1.0874628412503395,-1.2940199444111047,-0.20655710316076514,-0.3888826943071287,-1.3421890765862505,True
ERICH6-AS1,DSG,0.06462457073018552,1.2779847472997656,0.09323354771201671,1.3712182950117824,1.1819569684074192,0.045064415536870676,False
CRYBA4,NEUTRAL,-0.04824423291212328,0.13750352374993502,-0.06960171557381237,0.06790180817612265,-0.11777084774895595,-0.1177708477489563,False
OR51B5,NEUTRAL,-0.031650555877807296,0.13750352374993502,-0.04566210000629162,0.0918414237436434,-0.09383123218143563,-0.09383123218143563,False
RNF122,NEUTRAL,0.011004513918799258,0.13750352374993502,0.015876157658045262,0.15337968140798028,-0.032292974517100226,-0.0322929745170999,False
KDELR1,DIG,-1.1812111262021745,0.49825086752782544,-1.7041274340147448,-1.2058765664869193,-1.3985635635394356,-1.7522965661898915,True
CMTM1,NEUTRAL,0.03645860187102236,0.13750352374993502,0.05259864411706904,0.19010216786700407,0.004429511941923469,0.004429511941923789,False
CBLN1,NEUTRAL,0.024221721271495262,0.13750352374993502,0.03494455716018093,0.17244808091011596,-0.013224575014964499,-0.01322457501496466,False
SFR1,NEUTRAL,-0.02976768112064664,0.13750352374993502,-0.04294568593152093,0.09455783781841409,-0.09111481810666405,-0.09111481810666422,False
GSTM5P1,DIG,0.8212163864933735,0.4854268271702419,1.1847648082907443,1.670191635460986,1.4961145067894779,1.1365956761155964,True
ACTG1P19,NEUTRAL,-0.02669356024481779,0.13750352374993502,-0.03851066698886941,0.09899285676106562,-0.0866797991640139,-0.08667979916401355,False
TDG,NEUTRAL,-0.0010062654512703333,0.13750352374993502,-0.0014517341763656047,0.13605178957356942,-0.04962086635151008,-0.04962086635150991,False
DBN1,DIG,-0.6403533994931907,0.45943161863729726,-0.9238346738652156,-0.4644030552279183,-0.6481026797817908,-0.9720038060403603,True
SIGLEC1,DSG,-0.19049838793941148,-0.7369655941662062,-0.2748310795775309,-1.0117966737437372,-1.1974693296688184,-0.32300021175267735,True
ENGASE,DSG,-0.03892788712141789,1.3362833878644325,-0.05616106970235494,1.2801223181620776,1.0937013742995214,-0.10433020187749958,False
OR7E2P,NEUTRAL,-0.005866099046861322,0.13750352374993502,-0.008462992004270304,0.1290405317456647,-0.05663212417941505,-0.056632124179415384,False
